source,target
148953,1
140306,1
138867,1
137428,1
140319,1
138879,1
140322,1
137445,1
137446,1
138887,1
140328,1
137451,1
136015,1
136017,1
140341,1
143225,1
143226,1
144665,1
146103,1
148980,1
153279,1
171900,1
169016,4
151714,4
148834,4
148834,18
141629,4
138747,4
132986,4
122909,4
121476,4
120026,4
99856,4
217938,18
222258,18
253921,20
256797,20
261106,20
262546,20
262543,20
266860,20
265416,20
266840,20
269718,20
272598,20
275480,20
279800,20
278357,20
281233,20
281231,20
284104,20
289864,20
291303,20
304255,9
304255,20
318654,20
333038,23
345995,23
353198,23
364720,23
367600,23
369040,23
376233,23
348842,23
347385,14
461188,14
464072,14
464081,14
366165,23
374810,23
379142,23
412249,14
412296,25
412301,25
415188,25
415189,25
418069,25
418070,25
419513,25
439677,14
243868,1
243868,18
243870,1
243870,20
248176,9
248176,20
456955,14
458395,25
448285,14
446841,14
464098,14
455462,14
454024,14
451160,14
458384,14
526127,1
592407,19
649988,2
655739,2
655735,2
665807,11
673006,2
681646,2
719062,1
719062,2
719062,11
719056,2
719056,11
707518,11
714724,11
717607,11
717607,19
719049,11
737770,11
742072,11
765100,11
782371,11
793897,11
802530,11
815485,11
834207,11
815529,1
815529,8
815529,11
815529,16
815529,19
819802,11
821240,11
824117,11
824117,12
825557,12
826997,12
826997,16
815470,16
779469,16
763626,16
760747,16
757869,16
747787,16
731948,16
729068,16
711794,16
708914,16
690195,16
681556,7
681556,16
674357,16
651319,12
638360,12
645560,12
634040,12
623959,12
619635,12
616752,12
587933,12
587932,12
587932,14
587932,29
586492,12
585052,12
582170,12
580730,12
576408,12
570646,12
557681,12
547596,12
543275,12
523118,3
523118,12
523118,14
523118,29
466962,3
466962,7
466962,12
466962,14
466962,29
461181,5
433791,29
384775,5
360271,5
378999,5
355940,5
334334,5
331452,5
330012,5
328566,5
325687,5
324249,5
324248,5
322807,5
321364,5
319923,5
319922,5
319921,5
315598,5
314157,5
306953,5
305513,5
305512,5
302631,5
299751,5
296868,5
291105,5
282464,5
272383,5
269503,5
268063,5
266624,5
265184,5
262304,5
260864,5
259424,5
250784,5
252225,5
247904,5
247904,6
242142,5
239262,5
239262,6
240707,5
239269,5
237829,5
239270,5
236390,5
234948,5
233508,5
233507,5
230622,5
229179,5
234944,5
234945,5
236388,5
236387,5
239267,5
237823,5
234941,5
236378,5
236378,6
234937,5
226290,5
226291,5
226291,6
226293,5
226292,5
217648,5
206119,5
206119,6
204679,5
203239,5
207552,5
200354,5
200354,6
198915,5
198914,5
198913,5
193151,5
197471,5
197471,6
201789,5
200349,5
198908,5
197468,5
197466,5
196025,5
190269,5
190269,6
190265,5
191703,5
194582,5
188819,5
188819,6
185936,5
183055,5
183055,6
183059,5
183059,6
187381,5
187381,6
187380,5
187380,6
183062,5
183061,5
181619,5
174402,5
174402,6
168618,5
168618,6
165735,5
165735,6
171489,6
171488,6
171483,5
171483,6
175793,6
175794,6
174355,6
184431,5
184431,6
185871,5
188748,6
188747,6
190184,6
185863,5
185863,6
185865,6
184428,6
182988,6
193047,6
195923,6
198798,5
198798,6
200238,6
200239,5
200239,6
200232,6
200231,5
200231,6
200230,6
204549,5
204549,6
205977,5
205977,6
208854,6
208853,6
207414,6
217464,6
218894,6
223198,6
220311,6
215977,6
188680,6
185850,6
182971,6
180093,6
149837,5
68458,1
68463,1
64128,1
117481,1
114600,1
111720,1
113165,1
110277,1
110270,1
110265,1
113137,1
111695,1
111689,1
114570,1
116014,1
114572,1
117436,1
118873,1
120312,1
121747,1
123182,1
123180,1
127493,1
126055,1
126056,1
126057,1
126059,1
126060,1
123186,1
126065,1
126063,1
130380,1
130378,1
133255,1
139011,1
137575,1
139010,1
141889,1
144766,1
151966,1
151964,1
153400,1
154832,1
156268,1
159143,1
159145,1
162021,1
163461,1
167781,1
169220,1
170662,1
170661,1
172103,1
173541,1
174982,1
173543,1
176422,1
174981,1
177861,1
177862,1
179303,1
182185,1
182186,1
183627,1
183628,1
185069,1
185070,1
183633,1
182196,1
180756,1
180758,1
179318,1
177879,1
177882,1
176442,1
176443,1
177884,1
179325,1
180766,1
183646,1
185087,1
186528,1
189410,1
198058,1
186556,1
186547,1
176474,1
176476,1
172156,1
167829,1
159206,1
172158,1
176494,1
188007,1
199501,1
198051,1
195171,1
192288,1
187963,1
186523,1
186520,1
189395,1
192273,1
216739,1
218178,1
222495,1
216728,1
186473,1
186471,1
186469,1
176389,1
177830,1
179267,1
179269,1
172075,1
172076,1
170635,1
164853,1
163413,1
160532,1
160533,1
160534,1
180706,1
185020,1
185018,1
186455,1
186452,1
190771,1
183575,1
190777,1
197976,1
203738,1
202297,1
202291,1
203727,1
212364,1
221001,1
219559,1
219568,1
210936,1
209506,1
231095,1
229658,1
228224,1
225364,1
225364,25
223926,1
225369,1
238305,1
242625,1
251273,1
252716,1
255596,1
268555,1
268553,1
268550,1
268548,1
268545,1
267098,1
267097,1
267092,1
267091,1
268528,1
268527,1
272846,1
274286,1
275726,1
278605,1
281486,1
284366,1
287245,1
295884,1
300205,1
304526,1
304529,1
304531,1
295806,9
297248,9
295812,9
301578,1
301578,9
305900,9
330413,1
354896,1
354905,1
352026,1
304533,1
307415,1
310299,1
307423,1
305991,1
304553,1
303114,1
301677,1
301678,1
300238,1
297359,1
294480,1
291599,1
290160,1
288720,1
288721,1
281526,1
281528,1
280089,1
277213,1
275773,1
294486,1
290171,1
288733,1
288738,1
274333,1
271453,1
268575,1
268581,1
270024,1
268588,1
267149,1
267150,1
272918,1
278678,1
280117,1
278676,1
277236,1
281558,1
282999,1
288759,1
293077,1
293074,1
282994,1
265712,1
265713,1
264274,1
262835,1
288755,1
262836,1
264280,1
264281,1
267162,1
268602,1
271482,1
271483,1
274365,1
275808,1
278690,1
280131,1
281575,1
283017,1
284459,1
284460,1
295985,1
298862,1
297424,1
300295,1
298854,1
300290,1
301731,1
303175,1
304616,1
304618,1
307500,1
304622,1
303181,1
297420,1
311819,1
293109,1
287355,1
284473,1
283018,1
283030,1
281588,1
281587,1
274378,1
267175,1
258530,1
257090,1
267184,1
268626,1
271509,1
272953,1
274395,1
275837,1
277279,1
280158,1
290240,1
294564,1
298883,1
297446,1
297450,1
298889,1
298888,1
301766,1
306087,1
306089,1
307531,1
304653,1
301777,1
300334,1
300335,1
297457,1
297445,1
298895,1
296014,1
294574,1
294572,1
293133,1
284492,1
285936,1
283058,1
283064,1
293147,1
293145,1
297465,1
301788,1
300340,1
303222,1
303220,1
304662,1
307538,1
314737,1
314738,1
314741,1
316183,1
317620,1
308994,1
306110,1
304668,1
285947,1
285957,1
283075,1
283076,1
251404,1
249965,1
249968,1
262937,1
261498,1
257187,1
275927,1
278807,1
280246,1
283112,1
280226,1
275901,1
277336,1
280208,1
283077,1
283073,1
284519,1
285956,1
285952,1
285950,1
287386,1
291707,1
296028,1
304670,1
306114,1
307557,1
306123,1
309016,1
306139,1
306144,1
307585,1
319093,1
317655,1
316216,1
323423,1
329181,1
332060,1
334939,1
339250,1
329093,1
323331,1
323328,1
323324,1
314685,1
311803,1
303160,1
306027,1
307453,1
311739,1
324690,1
343402,1
382257,1
362107,1
398092,1
413936,1
426895,1
434091,1
449938,1
421101,1
432627,1
490302,21
488865,1
488865,21
488865,22
490314,21
486001,21
486001,22
483126,21
491789,21
522035,21
522035,22
552293,1
552294,1
553730,1
569574,19
569574,22
650219,19
650219,21
650219,22
671821,19
709272,19
713594,11
713594,19
713594,22
715034,8
715034,19
715049,19
713623,19
709312,19
690605,19
667571,19
545262,8
589878,8
634551,8
346451,1
342130,1
353714,1
512336,8
512336,19
486382,19
484942,8
484942,11
484942,19
554104,31
554104,32
552665,19
569981,31
569981,32
569981,19
510980,15
510981,3
548504,3
548504,15
616184,3
721192,31
637667,7
735825,17
741593,17
747348,17
757420,17
744457,17
731500,3
731500,17
753091,17
757414,17
757417,17
770371,17
771812,17
774686,17
783323,17
787634,17
763165,17
760287,17
620630,3
623514,3
623514,29
568797,3
594736,3
597634,3
600518,3
600518,10
600518,29
613554,10
614995,10
574724,10
568960,3
568960,29
534274,3
394649,5
394649,7
522668,3
441939,3
441939,7
479433,3
479433,7
539855,3
534124,3
542769,3
544210,3
548539,3
565829,3
571597,3
571601,3
573040,3
647946,24
640743,24
378473,5
463456,15
462016,15
459136,15
464894,15
466335,15
483621,3
483621,15
479289,3
303609,7
294967,7
316595,7
316597,7
315158,7
310838,7
273404,13
273405,13
270528,7
270528,13
271971,13
271972,13
250408,7
266268,7
272018,7
273447,7
284967,3
284967,7
290729,7
293608,7
295047,3
295047,7
295047,15
295047,29
297926,3
297926,7
297925,3
297925,7
312323,7
313764,7
313764,15
318080,7
316639,7
319509,7
319516,7
319514,7
318075,7
318075,29
319510,7
320948,7
322385,7
325262,7
323821,3
323821,7
319501,7
323819,7
325265,7
326695,7
326694,7
328128,7
338203,7
368431,3
368431,7
271966,13
176973,7
213035,6
213035,7
155518,6
146323,1
121813,1
880318,11
150390,1
1,267098
1,267097
1,267091
1,268527
1,272846
1,274286
1,275726
1,267092
1,120312
1,121747
1,123182
1,140319
1,138879
1,140322
1,137445
1,140341
1,143226
1,146103
1,153279
1,148953
1,150390
1,140306
1,138867
1,137428
1,297424
1,303175
1,304616
1,304618
1,307500
1,277213
1,275773
1,274333
1,268575
1,278605
1,137446
1,138887
1,137451
1,280208
1,283077
1,310299
1,307423
1,110277
1,110270
1,177884
1,179325
1,180766
1,183646
1,185087
1,186523
1,300238
1,297359
1,294480
1,290160
1,288721
1,300335
1,285947
1,283075
1,283076
1,284519
1,285956
1,285952
1,291707
1,117436
1,126055
1,264280
1,264281
1,271482
1,267162
1,268602
1,162021
1,176422
1,177862
1,179303
1,182185
1,182186
1,183627
1,186520
1,223926
1,186528
1,189410
1,189395
1,290240
1,294564
1,298883
1,297446
1,298888
1,301766
1,297445
1,283017
1,284459
1,284460
1,283018
1,262836
1,177879
1,177882
1,815529
1,281486
1,127493
1,126056
1,126057
1,126059
1,126060
1,300290
1,301731
1,280117
1,281558
1,282999
1,288759
1,177861
1,186473
1,192288
1,187963
1,298862
1,293109
1,111720
1,110265
1,290171
1,113137
1,111695
1,111689
1,278690
1,280131
1,281575
1,311819
1,298854
1,268553
1,268550
1,268548
1,268545
1,284366
1,287245
1,295884
1,293147
1,297465
1,306110
1,283073
1,285950
1,287386
1,180758
1,179318
1,281528
1,280089
1,300205
1,287355
1,284473
1,274378
1,306087
1,306089
1,136015
1,329181
1,332060
1,176443
1,114570
1,116014
1,114572
1,185070
1,183633
1,288733
1,140328
1,271483
1,274365
1,275808
1,141889
1,144766
1,149086
1,153400
1,154832
1,156268
1,123180
1,304526
1,304529
1,304531
1,267150
1,265712
1,288720
1,182196
1,301677
1,221001
1,203727
1,118873
1,126063
1,294486
1,271453
1,136017
1,195171
1,192273
1,209553
1,172076
1,301678
1,212364
1,219559
1,308994
1,307557
1,281526
1,174981
1,180706
1,190771
1,202291
1,354896
1,242625
1,130378
1,133255
1,139011
1,139010
1,291599
1,295985
1,303181
1,186455
1,268555
1,305991
1,304553
1,303114
1,293145
1,294588
1,297469
1,296028
1,272918
1,203738
1,314741
1,354905
1,304622
1,208115
1,176389
1,170635
1,218178
1,183628
1,185069
1,293077
1,303222
1,303220
1,304662
1,304668
1,186469
1,179267
1,172075
1,163413
1,160534
1,285957
1,117481
1,113165
1,300295
1,297420
1,426895
1,199474
1,159143
1,159145
1,293074
1,288755
1,330413
1,271511
1,271509
1,272953
1,274395
1,314737
1,314738
1,285909
1,185018
1,251273
1,252716
1,301777
1,301788
1,300340
1,297457
1,137575
1,294574
1,294572
1,291692
1,293133
1,284492
1,283030
1,300350
1,304670
1,164853
1,160532
1,160533
1,123186
1,221020
1,239743
1,143225
1,281587
1,267184
1,304533
1,307415
1,319093
1,317655
1,307538
1,277279
1,225369
1,255596
1,202297
1,163461
1,169220
1,170661
1,172103
1,173541
1,174982
1,179304
1,216739
1,257187
1,283064
1,283058
1,352026
1,218121
1,167781
1,183575
1,177830
1,185013
1,421101
1,434091
1,179269
1,275837
1,323331
1,319004
1,268581
1,307531
1,362107
1,311739
1,275819
1,267175
1,243868
1,288738
1,144665
1,280158
1,282994
1,298895
1,265713
1,320374
1,324690
1,268626
1,126065
1,285936
1,186452
1,185020
1,382257
1,314685
1,311803
1,238305
1,316183
1,275927
1,278807
1,280246
1,413936
1,309016
1,114600
1,398092
1,717624
1,148980
1,306114
1,339250
1,278678
1,649988
1,304653
1,130380
1,189337
1,131822
1,179268
1,199493
1,189427
1,186547
1,176474
1,172156
1,167829
1,163526
1,167846
1,172158
1,176500
1,189331
1,189338
1,301772
1,300334
1,306123
1,303160
1,281588
1,257090
1,270024
1,268588
1,267149
1,277236
1,233990
1,121813
1,665807
1,297450
1,298889
1,205183
1,219568
1,186471
1,592407
1,68463
1,316216
1,264274
1,262835
1,295812
1,243870
1,306139
1,439677
1,553730
1,260070
1,306144
1,306027
1,222495
1,343402
1,64128
1,229660
1,210942
1,229658
1,432627
1,334939
1,200875
1,307453
1,189435
1,186556
1,188007
1,199501
1,284104
1,264355
1,249965
1,249968
1,488865
1,441294
1,346451
1,280226
1,275901
1,277336
1,171900
1,484340
1,317620
1,481694
1,262935
1,262937
1,261498
1,261512
1,216693
2,649988
2,655735
2,703232
2,673006
2,681646
2,566501
2,717624
2,719062
2,719056
3,479433
3,623514
3,571601
3,573040
3,522668
3,544210
3,542769
3,600518
3,620636
3,568797
3,565829
3,571597
3,295047
3,731500
3,318075
3,620630
3,534274
3,441939
3,476528
3,319516
3,597634
3,523118
3,368431
3,568960
3,548504
3,539855
3,616184
3,488093
3,346809
3,548539
3,483621
3,319514
3,316597
3,547596
4,121476
4,122909
4,120026
4,148834
4,243868
4,141629
4,132986
4,171900
4,167576
5,268063
5,266624
5,265184
5,262304
5,260864
5,250784
5,272383
5,269503
5,291105
5,259424
5,252225
5,247904
5,242142
5,239262
5,278144
5,282464
5,236378
5,184431
5,242150
5,239269
5,239270
5,234948
5,233508
5,233507
5,230622
5,229179
5,234944
5,234945
5,236387
5,240707
5,240709
5,237828
5,239267
5,237823
5,234941
5,334334
5,331452
5,330012
5,296868
5,305512
5,302631
5,299751
5,360271
5,198798
5,205977
5,234937
5,314157
5,226291
5,226292
5,211886
5,206119
5,204679
5,203239
5,207552
5,200354
5,198913
5,243591
5,321364
5,319923
5,319922
5,305513
5,319921
5,315598
5,273447
5,322807
5,325687
5,324249
5,324248
5,306953
5,297925
5,198914
5,197471
5,201789
5,200349
5,198908
5,188819
5,181619
5,182971
5,355940
5,230614
5,165735
5,217648
5,194582
5,226290
5,226293
5,214767
5,466962
5,200231
5,106653
5,384775
5,378999
5,211873
5,328566
5,198915
5,168618
5,196025
5,193151
5,197466
5,190269
5,190265
5,191703
5,185936
5,183055
5,183059
5,187381
5,187380
5,183062
5,183061
5,183064
5,174402
5,171483
5,174355
5,407823
5,200239
5,204549
6,226292
6,184431
6,185865
6,198798
6,200238
6,200232
6,200231
6,204549
6,205977
6,208854
6,207414
6,218894
6,185850
6,180093
6,178646
6,208853
6,188680
6,184428
6,200239
6,149837
6,217464
6,215977
6,313764
6,168618
6,165735
6,171488
6,175793
6,174355
6,188748
6,190184
6,185863
6,182988
6,193047
6,182971
6,223198
6,213035
6,155518
6,183055
6,171483
6,171489
6,197471
6,188819
6,185936
6,183059
6,190269
6,207552
6,187381
6,181619
6,226291
6,236378
7,319516
7,319514
7,318075
7,320948
7,325265
7,303609
7,316595
7,316597
7,315158
7,310838
7,271966
7,325262
7,319510
7,394649
7,293608
7,297926
7,318080
7,316639
7,328128
7,273405
7,319509
7,318068
7,213035
7,284967
7,295047
7,297925
7,313764
7,466962
7,270528
7,175563
7,323821
7,218894
7,319501
7,306564
7,266268
7,322381
7,323819
7,326690
7,332447
7,681556
7,272018
8,589878
8,545262
8,634551
8,512336
8,284967
8,713594
8,709312
8,479120
8,486382
8,715034
9,295806
9,297248
9,305900
9,295812
9,248176
9,301578
9,219617
10,613554
10,614995
11,719056
11,737770
11,815529
11,821240
11,707518
11,714724
11,782371
11,824117
11,742072
11,714725
11,765100
11,802530
11,825557
11,719062
11,717607
11,740646
11,815485
11,711841
11,826997
11,793897
11,819802
11,716169
11,713594
11,831455
11,834210
12,619635
12,616752
12,587932
12,586492
12,582170
12,570646
12,566325
12,825557
12,826997
12,580730
12,576408
12,466962
12,651319
12,634040
12,523118
12,543275
12,623959
12,547596
12,638360
12,645560
12,824117
13,273405
13,270528
13,271971
13,271972
13,236013
13,271966
13,176973
14,464098
14,455462
14,587932
14,523118
14,446841
14,454024
14,448273
14,451160
14,466962
14,448285
14,458384
14,347385
14,464081
14,456955
14,461188
15,463456
15,462016
15,459136
15,464894
15,548504
15,466335
16,731948
16,729068
16,779469
16,763626
16,760747
16,757869
16,708914
16,690195
16,674357
16,523118
16,747787
16,834210
16,824117
16,825557
16,826997
16,587932
17,787634
17,763165
17,760287
17,753091
17,757414
17,771812
17,774686
17,783323
17,735825
17,731500
17,757420
17,757417
17,770371
17,815529
17,741593
17,747348
18,243868
18,222258
18,148834
19,713594
19,715034
19,709272
19,709312
19,690605
19,655735
19,650219
19,713623
19,667571
19,715049
19,815529
19,464346
19,671821
19,375389
19,569574
19,684849
19,552665
20,279798
20,278357
20,281233
20,289864
20,285544
20,279800
20,278355
20,318654
20,262546
20,248176
20,279793
20,304255
20,269718
20,272598
20,263965
20,275480
20,261106
20,266860
20,262543
20,265416
20,253921
20,243870
21,488865
21,490314
21,486001
21,490302
21,491789
21,553730
21,650219
22,569574
22,488865
22,522035
22,486001
23,364720
23,367600
23,366165
23,374810
23,369040
23,360399
23,328721
24,647946
24,640743
24,815529
25,419513
25,412298
25,415188
25,415189
25,418069
25,412296
25,243870
25,418070
25,438237
25,458395
26,721192
27,569981
29,466962
29,523118
29,568960
29,623514
29,433791
29,316639
29,600518
31,569981
32,554104
32,569981
