150391 -22.1250 63.8750 1
111720 30.1250 70.6250 1
283077 29.3750 40.8750 1
265721 10.3750 43.8750 1
131818 14.6250 67.1250 1
192274 8.6250 56.6250 1
148953 -21.6250 64.1250 1
126059 14.8750 68.1250 1
160534 -6.3750 62.1250 1
144766 11.6250 64.8750 1
138887 -18.1250 65.8750 1
117437 19.3750 69.6250 1
307415 -6.1250 36.6250 1
281637 29.3750 41.1250 1
110277 29.3750 70.8750 1
137445 -18.6250 66.1250 1
281528 2.1250 41.1250 1
110270 27.6250 70.8750 1
137428 -22.8750 66.1250 1
153280 -19.8750 63.3750 1
140328 -17.8750 65.6250 1
187963 10.8750 57.3750 1
179325 11.3750 58.8750 1
203727 -8.1250 54.6250 1
186473 -1.6250 57.6250 1
297424 16.1250 38.3750 1
156269 7.3750 62.8750 1
434091 -17.1250 14.6250 1
139011 12.8750 65.8750 1
183627 6.8750 58.1250 1
189395 8.8750 57.1250 1
282994 8.6250 40.8750 1
268527 -8.1250 43.3750 1
221001 -9.6250 51.6250 1
174982 5.6250 59.6250 1
275726 -8.3750 42.1250 1
307585 36.3750 36.6250 1
289864 -73.8750 39.6250 1
111695 23.8750 70.6250 1
281526 1.6250 41.1250 1
280208 32.1250 41.3750 1
117481 30.3750 69.6250 1
138879 -20.1250 65.8750 1
283076 29.1250 40.8750 1
307500 15.1250 36.6250 1
367600 -79.8750 26.1250 1
295985 16.3750 38.6250 1
268602 10.6250 43.3750 1
307423 -4.1250 36.6250 1
293147 26.8750 39.1250 1
141890 12.6250 65.3750 1
186521 10.3750 57.6250 1
148980 -14.8750 64.1250 1
182185 6.3750 58.3750 1
187914 -1.3750 57.3750 1
118865 16.3750 69.3750 1
285952 28.1250 40.3750 1
156268 7.1250 62.8750 1
262546 -63.3750 44.3750 1
154832 8.1250 63.1250 1
281666 36.6250 41.1250 1
267097 -5.6250 43.6250 1
186523 10.8750 57.6250 1
306110 27.6250 36.8750 1
283030 17.6250 40.8750 1
356339 -15.1250 28.1250 1
139010 12.6250 65.8750 1
111689 22.3750 70.6250 1
176422 5.6250 59.3750 1
177863 5.8750 59.1250 1
421101 -24.6250 16.8750 1
275808 12.1250 42.1250 1
161974 -6.3750 61.8750 1
170662 5.6250 60.3750 1
283071 27.8750 40.8750 1
123187 16.8750 68.6250 1
272919 9.8750 42.6250 1
300335 23.8750 37.8750 1
311819 14.8750 35.8750 1
319093 33.3750 34.6250 1
172076 -0.8750 60.1250 1
278357 -70.6250 41.6250 1
264280 10.1250 44.1250 1
283017 14.3750 40.8750 1
180766 11.6250 58.6250 1
159145 6.3750 62.3750 1
177862 5.6250 59.1250 1
137446 -18.3750 66.1250 1
169220 5.1250 60.6250 1
170665 6.3750 60.3750 1
284366 -8.3750 40.6250 1
162021 5.3750 61.8750 1
306109 27.3750 36.8750 1
182206 11.6250 58.3750 1
285953 28.3750 40.3750 1
294588 27.1250 38.8750 1
300334 23.6250 37.8750 1
183633 8.3750 58.1250 1
298888 22.1250 38.1250 1
177883 10.8750 59.1250 1
140341 -14.6250 65.6250 1
179303 5.8750 58.8750 1
284460 15.1250 40.6250 1
244067 -3.1250 47.6250 1
188007 21.8750 57.3750 1
310299 -5.1250 36.1250 1
267091 -7.1250 43.6250 1
284473 18.3750 40.6250 1
265416 -65.8750 43.8750 1
113137 24.3750 70.3750 1
306123 30.8750 36.8750 1
288738 4.6250 39.8750 1
123182 15.6250 68.6250 1
179304 6.1250 58.8750 1
132986 -53.3750 66.8750 1
268538 -5.3750 43.3750 1
284520 30.1250 40.6250 1
303181 15.3750 37.3750 1
183628 7.1250 58.1250 1
268549 -2.6250 43.3750 1
481694 3.6250 6.3750 1
268626 16.6250 43.3750 1
301777 24.3750 37.6250 1
170661 5.3750 60.3750 1
304615 13.8750 37.1250 1
332060 35.1250 32.3750 1
193724 11.1250 56.3750 1
133257 14.3750 66.8750 1
133256 14.1250 66.8750 1
297445 21.3750 38.3750 1
185071 7.8750 57.8750 1
251274 -1.3750 46.3750 1
205245 11.3750 54.3750 1
280089 2.3750 41.3750 1
304622 15.6250 37.1250 1
120313 18.3750 69.1250 1
186529 12.3750 57.6250 1
278605 -8.6250 41.6250 1
284458 14.6250 40.6250 1
163461 5.3750 61.6250 1
298854 13.6250 38.1250 1
311739 -5.1250 35.8750 1
300238 -0.3750 37.8750 1
283061 25.3750 40.8750 1
110265 26.3750 70.8750 1
303221 25.3750 37.3750 1
243870 -52.3750 47.6250 1
318654 -76.3750 34.6250 1
288755 8.8750 39.8750 1
293109 17.3750 39.1250 1
307557 29.3750 36.6250 1
274378 14.6250 42.3750 1
268576 4.1250 43.3750 1
297465 26.3750 38.3750 1
280131 12.8750 41.3750 1
200875 -1.1250 55.1250 1
290160 0.1250 39.6250 1
159206 21.6250 62.3750 1
382257 -15.6250 23.6250 1
124625 16.3750 68.3750 1
317655 33.8750 34.8750 1
298883 20.8750 38.1250 1
153402 10.6250 63.3750 1
268546 -3.3750 43.3750 1
300341 25.3750 37.8750 1
123180 15.1250 68.6250 1
291693 23.3750 39.3750 1
249616 -55.8750 46.6250 1
160583 5.8750 62.1250 1
183646 11.6250 58.1250 1
177861 5.3750 59.1250 1
268550 -2.3750 43.3750 1
176443 10.8750 59.3750 1
189332 -6.8750 57.1250 1
209496 -5.8750 53.6250 1
304668 27.1250 37.1250 1
268528 -7.8750 43.3750 1
293077 9.3750 39.1250 1
169017 -45.6250 60.6250 1
274286 -8.3750 42.3750 1
279795 -71.1250 41.3750 1
290171 2.8750 39.6250 1
301677 -0.6250 37.6250 1
398093 -16.6250 20.8750 1
303222 25.6250 37.3750 1
283058 24.6250 40.8750 1
364721 -79.6250 26.6250 1
281575 13.8750 41.1250 1
180707 -3.1250 58.6250 1
297359 -0.1250 38.3750 1
127493 13.3750 67.8750 1
252716 -0.8750 46.1250 1
258535 13.8750 45.1250 1
285956 29.1250 40.3750 1
113165 31.3750 70.3750 1
300205 -8.6250 37.8750 1
274365 11.3750 42.3750 1
138891 -17.1250 65.8750 1
293134 23.6250 39.1250 1
329181 35.3750 32.8750 1
281231 -72.1250 41.1250 1
284519 29.8750 40.6250 1
180758 9.6250 58.6250 1
297246 -28.3750 38.3750 1
268627 16.8750 43.3750 1
280246 41.6250 41.3750 1
354896 -15.8750 28.3750 1
294487 1.8750 38.8750 1
305969 -7.6250 36.8750 1
268553 -1.6250 43.3750 1
283064 26.1250 40.8750 1
290240 20.1250 39.6250 1
177885 11.3750 59.1250 1
287355 18.8750 40.1250 1
278690 12.6250 41.6250 1
192288 12.1250 56.6250 1
281233 -71.6250 41.1250 1
126058 14.6250 68.1250 1
172103 5.8750 60.1250 1
205198 -0.3750 54.3750 1
306062 15.6250 36.8750 1
304662 25.6250 37.1250 1
249627 -53.1250 46.6250 1
288760 10.1250 39.8750 1
294572 23.1250 38.8750 1
298862 15.6250 38.1250 1
412301 -64.6250 18.3750 1
116014 23.6250 69.8750 1
126063 15.8750 68.1250 1
281588 17.1250 41.1250 1
441294 -16.3750 13.3750 1
199434 -1.3750 55.3750 1
186471 -2.1250 57.6250 1
182196 9.1250 58.3750 1
211019 14.8750 53.3750 1
243868 -52.8750 47.6250 1
287245 -8.6250 40.1250 1
306089 22.3750 36.8750 1
174983 5.8750 59.6250 1
271483 10.8750 42.8750 1
148834 -51.3750 64.1250 1
304531 -7.1250 37.1250 1
412296 -65.8750 18.3750 1
271482 10.6250 42.8750 1
150393 -21.6250 63.8750 1
140306 -23.3750 65.6250 1
185069 7.3750 57.8750 1
281486 -8.3750 41.1250 1
157709 7.3750 62.6250 1
269718 -70.3750 43.1250 1
308994 28.6250 36.3750 1
187904 -3.8750 57.3750 1
146104 -13.8750 64.6250 1
294515 8.8750 38.8750 1
313177 -5.6250 35.6250 1
317656 34.1250 34.8750 1
190771 -7.1250 56.8750 1
297325 -8.6250 38.3750 1
307579 34.8750 36.6250 1
114570 22.6250 70.1250 1
219568 -7.8750 51.8750 1
199483 10.8750 55.3750 1
195162 10.6250 56.1250 1
291599 -0.1250 39.3750 1
540567 -38.1250 -3.8750 1
284459 14.8750 40.6250 1
174981 5.3750 59.6250 1
297455 23.8750 38.3750 1
573698 -35.3750 -9.6250 1
164854 -6.3750 61.3750 1
298863 15.8750 38.1250 1
118873 18.3750 69.3750 1
287375 23.8750 40.1250 1
195171 12.8750 56.1250 1
167829 17.3750 60.8750 1
198052 13.1250 55.6250 1
296014 23.6250 38.6250 1
412302 -64.3750 18.3750 1
179321 10.3750 58.8750 1
229659 -5.1250 50.1250 1
238305 -3.6250 48.6250 1
196608 12.1250 55.8750 1
177882 10.6250 59.1250 1
196611 12.8750 55.8750 1
278360 -69.8750 41.6250 1
232342 -54.3750 49.6250 1
265712 8.1250 43.8750 1
296028 27.1250 38.6250 1
304533 -6.6250 37.1250 1
199490 12.6250 55.3750 1
307487 11.8750 36.6250 1
293132 23.1250 39.1250 1
192292 13.1250 56.6250 1
186455 -6.1250 57.6250 1
300296 14.1250 37.8750 1
267184 16.1250 43.6250 1
210936 -5.8750 53.3750 1
126056 14.1250 68.1250 1
121813 33.3750 68.8750 1
196612 13.1250 55.8750 1
185087 11.8750 57.8750 1
334939 34.8750 31.8750 1
167781 5.3750 60.8750 1
180708 -2.8750 58.6250 1
185018 -5.3750 57.8750 1
295813 -26.6250 38.6250 1
253921 -59.6250 45.8750 1
294586 26.6250 38.8750 1
279799 -70.1250 41.3750 1
362107 -13.1250 27.1250 1
262836 9.1250 44.3750 1
308856 -5.8750 36.3750 1
157711 7.8750 62.6250 1
449938 -15.3750 11.8750 1
412298 -65.3750 18.3750 1
126060 15.1250 68.1250 1
279798 -70.3750 41.3750 1
324690 -7.3750 33.6250 1
370480 -79.8750 25.6250 1
304671 27.8750 37.1250 1
202298 -5.3750 54.8750 1
306145 36.3750 36.8750 1
138867 -23.1250 65.8750 1
307429 -2.6250 36.6250 1
266840 -69.8750 43.6250 1
297450 22.6250 38.3750 1
301678 -0.3750 37.6250 1
200941 15.3750 55.1250 1
307427 -3.1250 36.6250 1
179269 -2.6250 58.8750 1
208138 14.6250 53.8750 1
122909 -52.6250 68.6250 1
307531 22.8750 36.6250 1
198051 12.8750 55.6250 1
305991 -2.1250 36.8750 1
209579 14.8750 53.6250 1
271510 17.6250 42.8750 1
278356 -70.8750 41.6250 1
300340 25.1250 37.8750 1
347956 49.1250 29.6250 1
153400 10.1250 63.3750 1
200854 -6.3750 55.1250 1
293074 8.6250 39.1250 1
199484 11.1250 55.3750 1
278807 41.8750 41.6250 1
281587 16.8750 41.1250 1
114600 30.1250 70.1250 1
200940 15.1250 55.1250 1
218135 -6.1250 52.1250 1
278355 -71.1250 41.6250 1
303115 -1.1250 37.3750 1
203738 -5.3750 54.6250 1
287386 26.6250 40.1250 1
268279 -70.1250 43.3750 1
298889 22.3750 38.1250 1
303114 -1.3750 37.3750 1
305993 -1.6250 36.8750 1
144665 -13.6250 64.8750 1
160646 21.6250 62.1250 1
336379 34.8750 31.6250 1
171900 -44.8750 60.1250 1
377673 -81.6250 24.3750 1
170636 -0.8750 60.3750 1
300350 27.6250 37.8750 1
304616 14.1250 37.1250 1
264274 8.6250 44.1250 1
179318 9.6250 58.8750 1
285950 27.6250 40.3750 1
304553 -1.6250 37.1250 1
173544 6.1250 59.8750 1
301730 12.6250 37.6250 1
434092 -16.8750 14.6250 1
180789 17.3750 58.6250 1
197993 -1.6250 55.6250 1
259976 14.1250 44.8750 1
275820 15.1250 42.1250 1
295812 -26.8750 38.6250 1
140320 -19.8750 65.6250 1
262835 8.8750 44.3750 1
136017 -15.6250 66.3750 1
219560 -9.8750 51.8750 1
288721 0.3750 39.8750 1
301789 27.3750 37.6250 1
324691 -7.1250 33.6250 1
116013 23.3750 69.8750 1
202315 -1.1250 54.8750 1
206618 -5.3750 54.1250 1
267175 13.8750 43.6250 1
285947 26.8750 40.3750 1
285957 29.3750 40.3750 1
546336 -35.8750 -4.8750 1
199498 14.6250 55.3750 1
307539 24.8750 36.6250 1
331598 -80.3750 32.3750 1
198053 13.3750 55.6250 1
266860 -64.8750 43.6250 1
301731 12.8750 37.6250 1
190851 12.8750 56.8750 1
283018 14.6250 40.8750 1
306087 21.8750 36.8750 1
314735 23.8750 35.3750 1
360399 -80.1250 27.3750 1
161802 -49.3750 61.8750 1
176442 10.6250 59.3750 1
189352 -1.8750 57.1250 1
243844 -58.8750 47.6250 1
278678 9.6250 41.6250 1
280146 16.6250 41.3750 1
284492 23.1250 40.6250 1
297248 -27.8750 38.3750 1
300291 12.8750 37.8750 1
304653 23.3750 37.1250 1
372463 55.8750 25.3750 1
167577 -45.6250 60.8750 1
206640 0.1250 54.1250 1
210989 7.3750 53.3750 1
216739 4.8750 52.3750 1
219618 4.6250 51.8750 1
266841 -69.6250 43.6250 1
274333 3.3750 42.3750 1
275927 41.8750 42.1250 1
275928 42.1250 42.1250 1
276920 -69.8750 41.8750 1
306144 36.1250 36.8750 1
371022 55.6250 25.6250 1
243591 -122.1250 47.6250 2
207415 -166.1250 53.8750 2
260865 -123.6250 44.6250 2
834210 -67.3750 -54.8750 2
185871 -152.1250 57.6250 2
237831 -122.1250 48.6250 2
234948 -122.8750 49.1250 2
247904 -123.8750 46.8750 2
321364 -118.8750 34.1250 2
316597 129.3750 35.1250 2
240710 -122.3750 48.1250 2
252225 -123.6250 46.1250 2
245030 -122.3750 47.3750 2
266624 -123.8750 43.6250 2
273405 131.3750 42.6250 2
318075 138.8750 34.8750 2
198914 -131.3750 55.3750 2
234941 -124.6250 49.1250 2
234949 -122.6250 49.1250 2
242152 -121.8750 47.8750 2
239270 -122.3750 48.3750 2
234945 -123.6250 49.1250 2
330012 -116.8750 32.6250 2
262304 -123.8750 44.3750 2
171483 -149.1250 60.1250 2
236379 -125.1250 48.8750 2
319922 -119.3750 34.3750 2
312278 129.6250 35.8750 2
270528 132.1250 43.1250 2
246471 -122.1250 47.1250 2
302631 -122.1250 37.3750 2
226291 -127.1250 50.6250 2
214475 158.8750 52.8750 2
226293 -126.6250 50.6250 2
205978 -165.3750 54.1250 2
252226 -123.3750 46.1250 2
268064 -123.8750 43.3750 2
198799 -160.1250 55.3750 2
260864 -123.8750 44.6250 2
204679 -130.1250 54.3750 2
320936 134.1250 34.3750 2
274885 141.3750 42.3750 2
174355 -151.1250 59.6250 2
201671 -162.1250 54.8750 2
305512 -121.8750 36.8750 2
346809 122.3750 29.8750 2
168595 -151.1250 60.6250 2
334334 -116.3750 31.8750 2
188680 -169.8750 57.1250 2
305513 -121.6250 36.8750 2
232061 -124.6250 49.6250 2
190259 -135.1250 56.8750 2
242150 -122.3750 47.8750 2
319514 138.6250 34.6250 2
226292 -126.8750 50.6250 2
239262 -124.3750 48.3750 2
239263 -124.1250 48.3750 2
265184 -123.8750 43.8750 2
229180 -124.8750 50.1250 2
619322 -149.3750 -17.6250 2
239267 -123.1250 48.3750 2
357380 -114.8750 27.8750 2
240707 -123.1250 48.1250 2
237828 -122.8750 48.6250 2
184431 -152.1250 57.8750 2
245031 -122.1250 47.3750 2
200354 -131.3750 55.1250 2
316640 140.1250 35.1250 2
384775 -106.1250 23.1250 2
237829 -122.6250 48.6250 2
324248 -117.8750 33.6250 2
323804 131.1250 33.8750 2
322381 135.3750 34.1250 2
319499 134.8750 34.6250 2
237827 -123.1250 48.6250 2
331452 -116.8750 32.3750 2
198911 -132.1250 55.3750 2
299751 -122.1250 37.8750 2
272018 144.6250 42.8750 2
273413 133.3750 42.6250 2
319501 135.3750 34.6250 2
464081 -79.6250 9.3750 2
323806 131.6250 33.8750 2
320937 134.3750 34.3750 2
323805 131.3750 33.8750 2
233507 -123.1250 49.3750 2
236387 -123.1250 48.8750 2
239269 -122.6250 48.3750 2
240704 -123.8750 48.1250 2
322802 -119.3750 33.8750 2
319502 135.6250 34.6250 2
279204 141.1250 41.6250 2
185865 -153.6250 57.6250 2
315199 139.8750 35.3750 2
273412 133.1250 42.6250 2
236386 -123.3750 48.8750 2
323821 135.3750 33.8750 2
306954 -121.3750 36.6250 2
184429 -152.6250 57.8750 2
269503 -124.1250 43.1250 2
315200 140.1250 35.3750 2
197472 -131.8750 55.6250 2
382791 117.8750 23.6250 2
200233 -161.6250 55.1250 2
297927 141.8750 38.3750 2
217648 -127.8750 52.1250 2
234944 -123.8750 49.1250 2
297926 141.6250 38.3750 2
190269 -132.6250 56.8750 2
250408 142.1250 46.6250 2
315598 -120.3750 35.1250 2
322807 -118.1250 33.8750 2
286407 141.8750 40.3750 2
206120 -129.8750 54.1250 2
306953 -121.6250 36.6250 2
325262 135.6250 33.6250 2
319500 135.1250 34.6250 2
211872 -131.8750 53.1250 2
226290 -127.3750 50.6250 2
234950 -122.3750 49.1250 2
300798 139.6250 37.8750 2
328120 130.1250 33.1250 2
314157 -120.6250 35.3750 2
573041 160.3750 -9.3750 2
316639 139.8750 35.1250 2
479434 158.6250 6.8750 2
325242 130.6250 33.6250 2
193151 -132.1250 56.3750 2
185863 -154.1250 57.6250 2
247905 -123.6250 46.8750 2
197363 -159.1250 55.6250 2
322373 133.3750 34.1250 2
323812 133.1250 33.8750 2
320942 135.6250 34.3750 2
170032 -151.8750 60.3750 2
303609 122.3750 37.3750 2
325265 136.3750 33.6250 2
441939 144.8750 13.3750 2
316595 128.8750 35.1250 2
324249 -117.6250 33.6250 2
190265 -133.6250 56.8750 2
214767 -128.1250 52.6250 2
198908 -132.8750 55.3750 2
297925 141.3750 38.3750 2
236390 -122.3750 48.8750 2
278144 -123.8750 41.6250 2
203239 -130.1250 54.6250 2
237826 -123.3750 48.6250 2
328128 132.1250 33.1250 2
249346 -123.3750 46.6250 2
335282 120.6250 31.8750 2
319517 139.3750 34.6250 2
188747 -153.1250 57.1250 2
188748 -152.8750 57.1250 2
242142 -124.3750 47.8750 2
326690 132.6250 33.3750 2
473434 98.6250 7.8750 2
396089 -157.6250 21.1250 2
172914 -151.3750 59.8750 2
200348 -132.8750 55.1250 2
298312 -121.8750 38.1250 2
185867 -153.1250 57.6250 2
397162 110.6250 21.1250 2
315158 129.6250 35.3750 2
198906 -133.3750 55.3750 2
230623 -124.1250 49.8750 2
283904 -123.8750 40.6250 2
295047 141.8750 38.8750 2
318080 140.1250 34.8750 2
175794 -151.3750 59.3750 2
187381 -134.6250 57.3750 2
201789 -132.6250 54.8750 2
227730 -127.3750 50.3750 2
290729 142.3750 39.6250 2
295040 140.1250 38.8750 2
316636 139.1250 35.1250 2
322372 133.1250 34.1250 2
336725 121.3750 31.6250 2
345961 -89.6250 29.8750 2
347380 -94.8750 29.6250 2
312324 141.1250 35.8750 2
326695 133.8750 33.3750 2
339607 121.8750 31.1250 2
391418 114.6250 22.1250 2
478046 171.6250 7.1250 2
511172 173.1250 1.3750 2
522668 167.1250 -0.6250 2
534274 -171.3750 -2.8750 2
544209 152.3750 -4.3750 2
544210 152.6250 -4.3750 2
548539 154.8750 -5.1250 2
549944 146.1250 -5.3750 2
558589 147.3750 -6.8750 2
568797 179.3750 -8.6250 2
571601 160.3750 -9.1250 2
600518 -170.3750 -14.3750 2
623514 178.6250 -18.1250 2
639380 -174.8750 -21.1250 2
634551 57.8750 -20.1250 3
486001 0.3750 5.6250 3
388562 120.6250 22.6250 3
488865 -3.6250 5.1250 3
638862 55.6250 -20.8750 3
312242 120.6250 35.8750 3
651659 14.8750 -23.1250 3
378473 118.3750 24.3750 3
690605 31.3750 -29.8750 3
373906 56.6250 25.1250 3
545263 55.8750 -4.6250 3
305695 -76.1250 36.8750 3
713594 18.6250 -33.8750 3
715034 18.6250 -34.1250 3
461826 76.6250 9.8750 3
284104 -73.8750 40.6250 3
569982 115.6250 -8.8750 3
305696 -75.8750 36.8750 3
417214 83.6250 17.6250 3
669011 32.8750 -26.1250 3
512336 104.1250 1.1250 3
538306 116.6250 -3.3750 3
490314 -1.3750 4.8750 3
352027 -13.1250 28.8750 3
223938 4.6250 51.1250 3
334478 -80.3750 31.8750 3
333036 -80.8750 32.1250 3
409972 73.1250 18.8750 3
715049 22.3750 -34.1250 3
301578 -25.3750 37.6250 3
297055 -76.1250 38.3750 3
294175 -76.1250 38.8750 3
569574 13.6250 -8.8750 3
506569 102.3750 2.1250 3
284105 -73.6250 40.6250 3
430136 74.1250 15.3750 3
483126 1.6250 6.1250 3
484942 95.6250 5.8750 3
463456 124.1250 9.6250 3
222497 4.3750 51.3750 3
294967 121.8750 38.8750 3
554104 106.1250 -6.1250 3
505128 102.1250 2.3750 3
554105 106.3750 -6.1250 3
222496 4.1250 51.3750 3
222495 3.8750 51.3750 3
397012 73.1250 21.1250 3
464894 123.6250 9.3750 3
397011 72.8750 21.1250 3
222494 3.6250 51.3750 3
444540 75.1250 12.8750 3
283073 28.3750 40.8750 3
641743 55.8750 -21.3750 3
223930 2.6250 51.1250 3
732192 -11.8750 -37.1250 3
346808 122.1250 29.8750 3
538305 116.3750 -3.3750 3
491734 -6.3750 4.6250 3
251404 31.1250 46.3750 3
490303 -4.1250 4.8750 3
671821 15.3750 -26.6250 3
552293 13.3750 -5.8750 3
454624 76.1250 11.1250 3
366166 -78.3750 26.3750 3
261512 38.1250 44.6250 3
409973 73.3750 18.8750 3
460576 124.1250 10.1250 3
553730 12.6250 -6.1250 3
484520 -9.8750 5.8750 3
488877 -0.6250 5.1250 3
470469 77.3750 8.3750 3
262953 38.3750 44.3750 3
421417 54.3750 16.8750 3
467587 76.8750 8.8750 3
709273 18.3750 -33.1250 3
223926 1.6250 51.1250 3
225368 2.1250 50.8750 3
512338 104.6250 1.1250 3
561332 113.1250 -7.3750 3
394119 69.8750 21.6250 3
443122 80.6250 13.1250 3
508011 102.8750 1.8750 3
519558 109.6250 -0.1250 3
526788 117.1250 -1.3750 3
638863 55.8750 -20.8750 3
737771 -57.1250 -38.1250 4
731948 -72.8750 -37.1250 4
719056 -55.8750 -34.8750 4
824117 -70.6250 -53.1250 4
730508 -72.8750 -36.8750 4
825557 -70.6250 -53.3750 4
649988 -42.8750 -22.8750 4
742072 -61.8750 -38.8750 4
757869 -72.6250 -41.6250 4
765101 -64.6250 -42.8750 4
408675 108.8750 19.1250 4
793897 -65.6250 -47.8750 4
826997 -70.6250 -53.6250 4
763626 -73.3750 -42.6250 4
708914 -71.3750 -33.1250 4
816969 -57.6250 -51.8750 4
834208 -67.8750 -54.8750 4
821243 -69.1250 -52.6250 4
720502 -54.3750 -35.1250 4
287769 122.3750 40.1250 4
780909 -72.6250 -45.6250 4
822680 -69.8750 -52.8750 4
821240 -69.8750 -52.6250 4
760747 -73.1250 -42.1250 4
719049 -57.6250 -34.8750 4
587932 -76.8750 -12.1250 5
616752 -71.8750 -17.1250 5
570646 -78.3750 -9.1250 5
635480 -69.8750 -20.3750 5
651319 -70.1250 -23.1250 5
458339 -75.1250 10.3750 5
586492 -76.8750 -11.8750 5
466962 -79.3750 8.8750 5
619635 -71.1250 -17.6250 5
547596 -80.8750 -5.1250 5
531761 -79.6250 -2.3750 5
501880 10.1250 2.8750 5
638360 -69.8750 -20.8750 5
458384 -63.8750 10.3750 5
645560 -69.8750 -22.1250 5
335284 121.1250 31.8750 5
580730 -77.3750 -10.8750 5
585052 -76.8750 -11.6250 5
544716 -80.8750 -4.6250 5
496117 9.3750 3.8750 5
566325 -78.6250 -8.3750 5
582170 -77.3750 -11.1250 5
219617 4.3750 51.8750 5
606660 -74.8750 -15.3750 5
531757 -80.6250 -2.3750 5
757420 175.1250 -41.3750 6
757417 174.3750 -41.3750 6
774686 171.6250 -44.3750 6
787634 168.6250 -46.6250 6
757414 173.6250 -41.3750 6
731500 175.1250 -36.8750 6
647946 166.6250 -22.3750 7
591644 131.1250 -12.6250 7
342130 32.6250 30.6250 7
