193715 8.8750 56.3750 1
186521 10.3750 57.6250 1
210949 -2.6250 53.3750 1
185020 -4.8750 57.8750 1
186547 16.8750 57.6250 1
186523 10.8750 57.6250 1
719049 -57.6250 -34.8750 1
213860 5.1250 52.8750 1
190836 9.1250 56.8750 1
446841 -69.6250 12.3750 1
226801 0.3750 50.6250 1
234948 -122.8750 49.1250 1
131818 14.6250 67.1250 1
137445 -18.6250 66.1250 1
439677 -60.6250 13.6250 1
593847 -38.1250 -13.1250 1
345960 -89.8750 29.8750 1
147647 11.8750 64.3750 1
720502 -54.3750 -35.1250 1
825557 -70.6250 -53.3750 1
186473 -1.6250 57.6250 1
536167 -58.1250 -3.1250 1
186464 -3.8750 57.6250 1
210989 7.3750 53.3750 1
210947 -3.1250 53.3750 1
187904 -3.8750 57.3750 1
206640 0.1250 54.1250 1
150391 -22.1250 63.8750 1
218178 4.6250 52.1250 1
582170 -77.3750 -11.1250 1
179325 11.3750 58.8750 1
173544 6.1250 59.8750 1
182186 6.6250 58.3750 1
573698 -35.3750 -9.6250 1
215282 0.6250 52.6250 1
245030 -122.3750 47.3750 1
199422 -4.3750 55.3750 1
114600 30.1250 70.1250 1
223930 2.6250 51.1250 1
156269 7.3750 62.8750 1
174983 5.8750 59.6250 1
231095 -6.1250 49.8750 1
576408 -77.8750 -10.1250 1
206689 12.3750 54.1250 1
830014 -36.3750 -54.1250 1
156268 7.1250 62.8750 1
182196 9.1250 58.3750 1
189395 8.8750 57.1250 1
189435 18.8750 57.1250 1
206639 -0.1250 54.1250 1
186467 -3.1250 57.6250 1
206679 9.8750 54.1250 1
203738 -5.3750 54.6250 1
208116 9.1250 53.8750 1
345961 -89.6250 29.8750 1
179321 10.3750 58.8750 1
212422 5.6250 53.1250 1
219618 4.6250 51.8750 1
185087 11.8750 57.8750 1
183627 6.8750 58.1250 1
223938 4.6250 51.1250 1
226807 1.8750 50.6250 1
161974 -6.3750 61.8750 1
174982 5.6250 59.6250 1
180707 -3.1250 58.6250 1
198085 21.3750 55.6250 1
566501 -34.6250 -8.3750 1
222494 3.6250 51.3750 1
205198 -0.3750 54.3750 1
226796 -0.8750 50.6250 1
188007 21.8750 57.3750 1
164854 -6.3750 61.3750 1
199434 -1.3750 55.3750 1
234002 0.6250 49.3750 1
199420 -4.8750 55.3750 1
192219 -5.1250 56.6250 1
190780 -4.8750 56.8750 1
222496 4.1250 51.3750 1
205276 19.1250 54.3750 1
169286 21.6250 60.6250 1
208056 -5.8750 53.8750 1
282999 9.8750 40.8750 1
205241 10.3750 54.3750 1
216740 5.1250 52.3750 1
126065 16.3750 68.1250 1
200940 15.1250 55.1250 1
177886 11.6250 59.1250 1
202315 -1.1250 54.8750 1
126063 15.8750 68.1250 1
126059 14.8750 68.1250 1
703198 -60.3750 -32.1250 1
205255 13.8750 54.3750 1
237829 -122.6250 48.6250 1
175003 10.8750 59.6250 1
117437 19.3750 69.6250 1
196609 12.3750 55.8750 1
179318 9.6250 58.8750 1
160532 -6.8750 62.1250 1
546336 -35.8750 -4.8750 1
199496 14.1250 55.3750 1
225370 2.6250 50.8750 1
186554 18.6250 57.6250 1
592406 -38.3750 -12.8750 1
190897 24.3750 56.8750 1
186465 -3.6250 57.6250 1
153404 11.1250 63.3750 1
533343 -44.1250 -2.6250 1
110277 29.3750 70.8750 1
176442 10.6250 59.3750 1
124625 16.3750 68.3750 1
183648 12.1250 58.1250 1
231125 1.3750 49.8750 1
246952 -1.8750 47.1250 1
580730 -77.3750 -10.8750 1
170729 22.3750 60.3750 1
163527 21.8750 61.6250 1
619635 -71.1250 -17.6250 1
265712 8.1250 43.8750 1
216739 4.8750 52.3750 1
186455 -6.1250 57.6250 1
211000 10.1250 53.3750 1
189337 -5.6250 57.1250 1
177880 10.1250 59.1250 1
110265 26.3750 70.8750 1
111689 22.3750 70.6250 1
177829 -2.6250 59.1250 1
348842 -89.3750 29.3750 1
186468 -2.8750 57.6250 1
179353 18.3750 58.8750 1
180789 17.3750 58.6250 1
123180 15.1250 68.6250 1
176497 24.3750 59.3750 1
186471 -2.1250 57.6250 1
183628 7.1250 58.1250 1
180708 -2.8750 58.6250 1
199418 -5.3750 55.3750 1
185069 7.3750 57.8750 1
222495 3.8750 51.3750 1
192292 13.1250 56.6250 1
172156 19.1250 60.1250 1
182185 6.3750 58.3750 1
200875 -1.1250 55.1250 1
211019 14.8750 53.3750 1
126060 15.1250 68.1250 1
300341 25.3750 37.8750 1
173564 11.1250 59.8750 1
172169 22.3750 60.1250 1
192306 16.6250 56.6250 1
160534 -6.3750 62.1250 1
536161 -59.6250 -3.1250 1
190771 -7.1250 56.8750 1
199501 15.3750 55.3750 1
182208 12.1250 58.3750 1
288755 8.8750 39.8750 1
219619 4.8750 51.8750 1
193659 -5.1250 56.3750 1
262836 9.1250 44.3750 1
367600 -79.8750 26.1250 1
257187 36.8750 45.3750 1
198053 13.3750 55.6250 1
232554 -1.3750 49.6250 1
117481 30.3750 69.6250 1
197976 -5.8750 55.6250 1
212365 -8.6250 53.1250 1
113165 31.3750 70.3750 1
167829 17.3750 60.8750 1
180758 9.6250 58.6250 1
183633 8.3750 58.1250 1
262835 8.8750 44.3750 1
592407 -38.1250 -12.8750 1
137446 -18.3750 66.1250 1
209558 9.6250 53.6250 1
179268 -2.8750 58.8750 1
352027 -13.1250 28.8750 1
193746 16.6250 56.3750 1
187914 -1.3750 57.3750 1
691720 -49.8750 -30.1250 1
136137 14.3750 66.3750 1
203756 -0.8750 54.6250 1
219617 4.3750 51.8750 1
180766 11.6250 58.6250 1
163526 21.6250 61.6250 1
172076 -0.8750 60.1250 1
192216 -5.8750 56.6250 1
130383 15.8750 67.3750 1
186458 -5.3750 57.6250 1
123182 15.6250 68.6250 1
268576 4.1250 43.3750 1
160646 21.6250 62.1250 1
235440 0.1250 49.1250 1
120313 18.3750 69.1250 1
195171 12.8750 56.1250 1
300340 25.1250 37.8750 1
177916 19.1250 59.1250 1
268582 5.6250 43.3750 1
126058 14.6250 68.1250 1
283018 14.6250 40.8750 1
113137 24.3750 70.3750 1
275928 42.1250 42.1250 1
198051 12.8750 55.6250 1
192274 8.6250 56.6250 1
199490 12.6250 55.3750 1
304533 -6.6250 37.1250 1
210936 -5.8750 53.3750 1
275927 41.8750 42.1250 1
144766 11.6250 64.8750 1
265713 8.3750 43.8750 1
187898 -5.3750 57.3750 1
271453 3.3750 42.8750 1
179304 6.1250 58.8750 1
569574 13.6250 -8.8750 1
221003 -9.1250 51.6250 1
160585 6.3750 62.1250 1
159206 21.6250 62.3750 1
218135 -6.1250 52.1250 1
162021 5.3750 61.8750 1
185116 19.1250 57.8750 1
183575 -6.1250 58.1250 1
140322 -19.3750 65.6250 1
306087 21.8750 36.8750 1
288760 10.1250 39.8750 1
177885 11.3750 59.1250 1
297446 21.6250 38.3750 1
239263 -124.1250 48.3750 1
225368 2.1250 50.8750 1
206618 -5.3750 54.1250 1
223936 4.1250 51.1250 1
295812 -26.8750 38.6250 1
237828 -122.8750 48.6250 1
163461 5.3750 61.6250 1
153400 10.1250 63.3750 1
298889 22.3750 38.1250 1
294175 -76.1250 38.8750 1
138879 -20.1250 65.8750 1
172160 20.1250 60.1250 1
240707 -123.1250 48.1250 1
240704 -123.8750 48.1250 1
138891 -17.1250 65.8750 1
133257 14.3750 66.8750 1
196608 12.1250 55.8750 1
497556 9.1250 3.6250 1
274333 3.3750 42.3750 1
288738 4.6250 39.8750 1
305969 -7.6250 36.8750 1
189338 -5.3750 57.1250 1
192231 -2.1250 56.6250 1
275820 15.1250 42.1250 1
234005 1.3750 49.3750 1
185117 19.3750 57.8750 1
209496 -5.8750 53.6250 1
531862 -54.3750 -2.3750 1
293077 9.3750 39.1250 1
719056 -55.8750 -34.8750 1
110270 27.6250 70.8750 1
264302 15.6250 44.1250 1
189410 12.6250 57.1250 1
195098 -5.3750 56.1250 1
202365 11.3750 54.8750 1
185018 -5.3750 57.8750 1
190840 10.1250 56.8750 1
307429 -2.6250 36.6250 1
176422 5.6250 59.3750 1
308994 28.6250 36.3750 1
169017 -45.6250 60.6250 1
301578 -25.3750 37.6250 1
187963 10.8750 57.3750 1
186469 -2.6250 57.6250 1
196611 12.8750 55.8750 1
177883 10.8750 59.1250 1
111695 23.8750 70.6250 1
707518 -60.3750 -32.8750 1
397011 72.8750 21.1250 1
483126 1.6250 6.1250 1
655739 -45.1250 -23.8750 1
183646 11.6250 58.1250 1
244067 -3.1250 47.6250 1
170636 -0.8750 60.3750 1
153402 10.6250 63.3750 1
127505 16.3750 67.8750 1
203806 11.6250 54.6250 1
172158 19.6250 60.1250 1
202298 -5.3750 54.8750 1
199498 14.6250 55.3750 1
197993 -1.6250 55.6250 1
195162 10.6250 56.1250 1
208138 14.6250 53.8750 1
140328 -17.8750 65.6250 1
307557 29.3750 36.6250 1
185071 7.8750 57.8750 1
305900 -24.8750 36.8750 1
259918 -0.3750 44.8750 1
200941 15.3750 55.1250 1
206616 -5.8750 54.1250 1
176443 10.8750 59.3750 1
443204 101.1250 13.1250 1
293109 17.3750 39.1250 1
281587 16.8750 41.1250 1
205275 18.8750 54.3750 1
170661 5.3750 60.3750 1
268626 16.6250 43.3750 1
170662 5.6250 60.3750 1
177862 5.6250 59.1250 1
285957 29.3750 40.3750 1
288733 3.3750 39.8750 1
288721 0.3750 39.8750 1
170665 6.3750 60.3750 1
258535 13.8750 45.1250 1
173563 10.8750 59.8750 1
200854 -6.3750 55.1250 1
176500 25.1250 59.3750 1
114570 22.6250 70.1250 1
172155 18.8750 60.1250 1
264274 8.6250 44.1250 1
280159 19.8750 41.3750 1
306109 27.3750 36.8750 1
297424 16.1250 38.3750 1
177861 5.3750 59.1250 1
293134 23.6250 39.1250 1
277336 34.1250 41.8750 1
199485 11.3750 55.3750 1
200851 -7.1250 55.1250 1
306089 22.3750 36.8750 1
284460 15.1250 40.6250 1
140320 -19.8750 65.6250 1
218132 -6.8750 52.1250 1
182206 11.6250 58.3750 1
301787 26.8750 37.6250 1
221021 -4.6250 51.6250 1
273412 133.1250 42.6250 1
209579 14.8750 53.6250 1
316184 26.1250 35.1250 1
353450 -17.3750 28.6250 1
169220 5.1250 60.6250 1
229659 -5.1250 50.1250 1
118873 18.3750 69.3750 1
268555 -1.1250 43.3750 1
271510 17.6250 42.8750 1
298883 20.8750 38.1250 1
300238 -0.3750 37.8750 1
635600 -39.8750 -20.3750 1
193658 -5.3750 56.3750 1
177882 10.6250 59.1250 1
189332 -6.8750 57.1250 1
210948 -2.8750 53.3750 1
138887 -18.1250 65.8750 1
281528 2.1250 41.1250 1
177863 5.8750 59.1250 1
226793 -1.6250 50.6250 1
225369 2.3750 50.8750 1
261512 38.1250 44.6250 1
297450 22.6250 38.3750 1
193745 16.3750 56.3750 1
259976 14.1250 44.8750 1
157709 7.3750 62.6250 1
268589 7.3750 43.3750 1
137428 -22.8750 66.1250 1
382257 -15.6250 23.6250 1
323804 131.1250 33.8750 1
247118 39.6250 47.1250 1
293074 8.6250 39.1250 1
301789 27.3750 37.6250 1
280146 16.6250 41.3750 1
268533 -6.6250 43.3750 1
177830 -2.3750 59.1250 1
174981 5.3750 59.6250 1
306144 36.1250 36.8750 1
486001 0.3750 5.6250 1
268627 16.8750 43.3750 1
294487 1.8750 38.8750 1
221001 -9.6250 51.6250 1
277213 3.3750 41.8750 1
295813 -26.6250 38.6250 1
300205 -8.6250 37.8750 1
283120 40.1250 40.8750 1
174986 6.6250 59.6250 1
189352 -1.8750 57.1250 1
551222 105.6250 -5.6250 1
277236 9.1250 41.8750 1
398447 71.8750 20.8750 1
144665 -13.6250 64.8750 1
167577 -45.6250 60.8750 1
294586 26.6250 38.8750 1
252716 -0.8750 46.1250 1
116013 23.3750 69.8750 1
189427 16.8750 57.1250 1
190777 -5.6250 56.8750 1
518916 -50.8750 -0.1250 1
304553 -1.6250 37.1250 1
303114 -1.3750 37.3750 1
298863 15.8750 38.1250 1
285953 28.3750 40.3750 1
297325 -8.6250 38.3750 1
304526 -8.3750 37.1250 1
272953 18.3750 42.6250 1
179269 -2.6250 58.8750 1
290171 2.8750 39.6250 1
203727 -8.1250 54.6250 1
157711 7.8750 62.6250 1
283112 38.1250 40.8750 1
249988 37.1250 46.6250 1
111720 30.1250 70.6250 1
316216 34.1250 35.1250 1
294480 0.1250 38.8750 1
283030 17.6250 40.8750 1
294575 23.8750 38.8750 1
484340 -54.8750 5.8750 1
282994 8.6250 40.8750 1
304653 23.3750 37.1250 1
193724 11.1250 56.3750 1
205240 10.1250 54.3750 1
324690 -7.3750 33.6250 1
732192 -11.8750 -37.1250 1
287355 18.8750 40.1250 1
281526 1.6250 41.1250 1
306028 7.1250 36.8750 1
362386 56.6250 27.1250 1
146104 -13.8750 64.6250 1
272919 9.8750 42.6250 1
304662 25.6250 37.1250 1
335281 120.3750 31.8750 1
278676 9.1250 41.6250 1
303221 25.3750 37.3750 1
118865 16.3750 69.3750 1
208057 -5.6250 53.8750 1
136017 -15.6250 66.3750 1
281588 17.1250 41.1250 1
335284 121.1250 31.8750 1
488865 -3.6250 5.1250 1
283077 29.3750 40.8750 1
300296 14.1250 37.8750 1
284458 14.6250 40.6250 1
278807 41.8750 41.6250 1
300350 27.6250 37.8750 1
306110 27.6250 36.8750 1
304616 14.1250 37.1250 1
290160 0.1250 39.6250 1
242625 -3.6250 47.8750 1
251274 -1.3750 46.3750 1
306123 30.8750 36.8750 1
246745 -53.6250 47.1250 1
116014 23.6250 69.8750 1
280089 2.3750 41.3750 1
268553 -1.6250 43.3750 1
278690 12.6250 41.6250 1
449938 -15.3750 11.8750 1
283017 14.3750 40.8750 1
216693 -6.6250 52.3750 1
186529 12.3750 57.6250 1
323423 35.8750 33.8750 1
485780 -54.8750 5.6250 1
464346 -13.3750 9.3750 1
297248 -27.8750 38.3750 1
280246 41.6250 41.3750 1
651423 -44.1250 -23.1250 1
238305 -3.6250 48.6250 1
343637 49.3750 30.3750 1
362107 -13.1250 27.1250 1
172103 5.8750 60.1250 1
195183 15.8750 56.1250 1
293132 23.1250 39.1250 1
283071 27.8750 40.8750 1
314737 24.3750 35.3750 1
167781 5.3750 60.8750 1
284520 30.1250 40.6250 1
280117 9.3750 41.3750 1
247120 40.1250 47.1250 1
268602 10.6250 43.3750 1
297359 -0.1250 38.3750 1
126056 14.1250 68.1250 1
278704 16.1250 41.6250 1
267091 -7.1250 43.6250 1
287245 -8.6250 40.1250 1
153280 -19.8750 63.3750 1
391415 113.8750 22.1250 1
304671 27.8750 37.1250 1
606102 145.6250 -15.1250 1
262953 38.3750 44.3750 1
305991 -2.1250 36.8750 1
294572 23.1250 38.8750 1
288793 18.3750 39.8750 1
301678 -0.3750 37.6250 1
139011 12.8750 65.8750 1
307579 34.8750 36.6250 1
303115 -1.1250 37.3750 1
268528 -7.8750 43.3750 1
310299 -5.1250 36.1250 1
271509 17.3750 42.8750 1
443122 80.6250 13.1250 1
190842 10.6250 56.8750 1
284366 -8.3750 40.6250 1
651424 -43.8750 -23.1250 1
148980 -14.8750 64.1250 1
314739 24.8750 35.3750 1
324691 -7.1250 33.6250 1
267175 13.8750 43.6250 1
281486 -8.3750 41.1250 1
300291 12.8750 37.8750 1
140341 -14.6250 65.6250 1
267184 16.1250 43.6250 1
160583 5.8750 62.1250 1
205266 16.6250 54.3750 1
343519 19.8750 30.3750 1
296028 27.1250 38.6250 1
307487 11.8750 36.6250 1
374168 122.1250 25.1250 1
398093 -16.6250 20.8750 1
298854 13.6250 38.1250 1
467782 125.6250 8.8750 1
278653 3.3750 41.6250 1
290240 20.1250 39.6250 1
243868 -52.8750 47.6250 1
274378 14.6250 42.3750 1
197981 -4.6250 55.6250 1
294564 21.1250 38.8750 1
301731 12.8750 37.6250 1
304600 10.1250 37.1250 1
249616 -55.8750 46.6250 1
307539 24.8750 36.6250 1
268527 -8.1250 43.3750 1
297465 26.3750 38.3750 1
274396 19.1250 42.3750 1
304615 13.8750 37.1250 1
232552 -1.8750 49.6250 1
271483 10.8750 42.8750 1
415377 -15.6250 17.8750 1
307415 -6.1250 36.6250 1
343402 -9.3750 30.3750 1
141890 12.6250 65.3750 1
143226 -13.3750 65.1250 1
309016 34.1250 36.3750 1
285956 29.1250 40.3750 1
127493 13.3750 67.8750 1
137455 -16.1250 66.1250 1
268538 -5.3750 43.3750 1
347956 49.1250 29.6250 1
301677 -0.6250 37.6250 1
307427 -3.1250 36.6250 1
294588 27.1250 38.8750 1
304531 -7.1250 37.1250 1
130380 15.1250 67.3750 1
277279 19.8750 41.8750 1
398587 106.8750 20.8750 1
150393 -21.6250 63.8750 1
297469 27.3750 38.3750 1
317656 34.1250 34.8750 1
281666 36.6250 41.1250 1
283058 24.6250 40.8750 1
314735 23.8750 35.3750 1
138867 -23.1250 65.8750 1
262850 12.6250 44.3750 1
307531 22.8750 36.6250 1
307500 15.1250 36.6250 1
309009 32.3750 36.3750 1
219568 -7.8750 51.8750 1
280131 12.8750 41.3750 1
283061 25.3750 40.8750 1
284492 23.1250 40.6250 1
301730 12.6250 37.6250 1
371022 55.6250 25.6250 1
295985 16.3750 38.6250 1
297457 24.3750 38.3750 1
274365 11.3750 42.3750 1
306062 15.6250 36.8750 1
271511 17.8750 42.8750 1
280208 32.1250 41.3750 1
303181 15.3750 37.3750 1
140306 -23.3750 65.6250 1
267097 -5.6250 43.6250 1
291693 23.3750 39.3750 1
306114 28.6250 36.8750 1
317655 33.8750 34.8750 1
275773 3.3750 42.1250 1
281575 13.8750 41.1250 1
297421 15.3750 38.3750 1
304622 15.6250 37.1250 1
271482 10.6250 42.8750 1
283064 26.1250 40.8750 1
298862 15.6250 38.1250 1
545263 55.8750 -4.6250 1
285952 28.1250 40.3750 1
300334 23.6250 37.8750 1
303222 25.6250 37.3750 1
143225 -13.6250 65.1250 1
275808 12.1250 42.1250 1
285950 27.6250 40.3750 1
291708 27.1250 39.3750 1
296014 23.6250 38.6250 1
305993 -1.6250 36.8750 1
372463 55.8750 25.3750 1
278678 9.6250 41.6250 1
297455 23.8750 38.3750 1
298888 22.1250 38.1250 1
137575 13.8750 66.1250 1
297445 21.3750 38.3750 1
261495 33.8750 44.6250 1
301766 21.6250 37.6250 1
308856 -5.8750 36.3750 1
434092 -16.8750 14.6250 1
121813 33.3750 68.8750 1
219560 -9.8750 51.8750 1
281558 9.6250 41.1250 1
283114 38.6250 40.8750 1
284459 14.8750 40.6250 1
285936 24.1250 40.3750 1
287375 23.8750 40.1250 1
293145 26.3750 39.1250 1
293147 26.8750 39.1250 1
294515 8.8750 38.8750 1
306016 4.1250 36.8750 1
306029 7.3750 36.8750 1
307423 -4.1250 36.6250 1
313177 -5.6250 35.6250 1
314685 11.3750 35.3750 1
316185 26.3750 35.1250 1
330413 -16.6250 32.6250 1
441294 -16.3750 13.3750 1
305696 -75.8750 36.8750 2
665807 -48.1250 -25.6250 2
282464 -123.8750 40.8750 2
334334 -116.3750 31.8750 2
305513 -121.6250 36.8750 2
325687 -118.1250 33.3750 2
366166 -78.3750 26.3750 2
253670 -122.3750 45.8750 2
306954 -121.3750 36.6250 2
255111 -122.1250 45.6250 2
384775 -106.1250 23.1250 2
357380 -114.8750 27.8750 2
319923 -119.1250 34.3750 2
283904 -123.8750 40.6250 2
268064 -123.8750 43.3750 2
200354 -131.3750 55.1250 2
272383 -124.1250 42.6250 2
314157 -120.6250 35.3750 2
252229 -122.6250 46.1250 2
298312 -121.8750 38.1250 2
347380 -94.8750 29.6250 2
330161 -79.6250 32.6250 2
291105 -123.6250 39.3750 2
334478 -80.3750 31.8750 2
302631 -122.1250 37.3750 2
234937 -125.6250 49.1250 2
187381 -134.6250 57.3750 2
234944 -123.8750 49.1250 2
461181 -84.6250 9.8750 2
255110 -122.3750 45.6250 2
321364 -118.8750 34.1250 2
269503 -124.1250 43.1250 2
301192 -121.8750 37.6250 2
256550 -122.3750 45.3750 2
247904 -123.8750 46.8750 2
230623 -124.1250 49.8750 2
183062 -134.3750 58.1250 2
657176 -45.8750 -24.1250 2
234936 -125.8750 49.1250 2
328567 -118.1250 32.8750 2
464064 -83.8750 9.3750 2
298314 -121.3750 38.1250 2
305695 -76.1250 36.8750 2
345959 -90.1250 29.8750 2
253669 -122.6250 45.8750 2
331452 -116.8750 32.3750 2
319921 -119.6250 34.3750 2
237826 -123.3750 48.6250 2
330012 -116.8750 32.6250 2
243590 -122.3750 47.6250 2
322802 -119.3750 33.8750 2
306953 -121.6250 36.6250 2
208853 -166.6250 53.6250 2
305512 -121.8750 36.8750 2
317620 25.1250 34.8750 2
226291 -127.1250 50.6250 2
183063 -134.1250 58.1250 2
324249 -117.6250 33.6250 2
297055 -76.1250 38.3750 2
205978 -165.3750 54.1250 2
208117 9.3750 53.8750 2
237831 -122.1250 48.6250 2
171489 -147.6250 60.1250 2
296869 -122.6250 38.3750 2
239270 -122.3750 48.3750 2
192288 12.1250 56.6250 2
220311 177.8750 51.8750 2
201671 -162.1250 54.8750 2
223198 179.6250 51.3750 2
256747 -73.1250 45.3750 2
322807 -118.1250 33.8750 2
185863 -154.1250 57.6250 2
211872 -131.8750 53.1250 2
236386 -123.3750 48.8750 2
275478 -70.3750 42.1250 2
361712 -111.8750 27.1250 2
329181 35.3750 32.8750 2
360272 -111.8750 27.3750 2
185871 -152.1250 57.6250 2
378999 -110.1250 24.1250 2
508011 102.8750 1.8750 2
479120 80.1250 6.8750 2
215977 174.3750 52.6250 2
236379 -125.1250 48.8750 2
276920 -69.8750 41.8750 2
247905 -123.6250 46.8750 2
214767 -128.1250 52.6250 2
322371 132.8750 34.1250 2
234941 -124.6250 49.1250 2
204679 -130.1250 54.3750 2
188680 -169.8750 57.1250 2
619322 -149.3750 -17.6250 2
313760 140.1250 35.6250 2
207552 -131.8750 53.8750 2
316639 139.8750 35.1250 2
214534 173.6250 52.8750 2
230614 -126.3750 49.8750 2
171503 -144.1250 60.1250 2
190265 -133.6250 56.8750 2
315598 -120.3750 35.1250 2
234950 -122.3750 49.1250 2
185940 -134.8750 57.6250 2
208992 -131.8750 53.6250 2
217464 -173.8750 52.1250 2
198915 -131.1250 55.3750 2
273447 141.8750 42.6250 2
233507 -123.1250 49.3750 2
322372 133.1250 34.1250 2
319500 135.1250 34.6250 2
218894 -176.3750 51.8750 2
252227 -123.1250 46.1250 2
323812 133.1250 33.8750 2
207415 -166.1250 53.8750 2
320937 134.3750 34.3750 2
252226 -123.3750 46.1250 2
201789 -132.6250 54.8750 2
399180 -104.8750 20.6250 2
203239 -130.1250 54.6250 2
185865 -153.6250 57.6250 2
170036 -150.8750 60.3750 2
204549 -162.6250 54.3750 2
227731 -127.1250 50.3750 2
193142 -134.3750 56.3750 2
196034 -131.3750 55.8750 2
185936 -135.8750 57.6250 2
227730 -127.3750 50.3750 2
191704 -133.8750 56.6250 2
198911 -132.1250 55.3750 2
299752 -121.8750 37.8750 3
471269 -82.6250 8.1250 3
266624 -123.8750 43.6250 3
243591 -122.1250 47.6250 3
299754 -121.3750 37.8750 3
717609 -57.6250 -34.6250 3
299753 -121.6250 37.8750 3
816969 -57.6250 -51.8750 3
217648 -127.8750 52.1250 3
190259 -135.1250 56.8750 3
717607 -58.1250 -34.6250 3
296874 -121.3750 38.3750 3
200233 -161.6250 55.1250 3
260864 -123.8750 44.6250 3
237827 -123.1250 48.6250 3
236387 -123.1250 48.8750 3
242152 -121.8750 47.8750 3
333036 -80.8750 32.1250 3
183059 -135.1250 58.1250 3
278144 -123.8750 41.6250 3
170032 -151.8750 60.3750 3
409263 -104.1250 18.8750 3
190269 -132.6250 56.8750 3
183061 -134.6250 58.1250 3
181619 -135.1250 58.3750 3
191703 -134.1250 56.6250 3
456258 124.6250 10.8750 3
311739 -5.1250 35.8750 3
249346 -123.3750 46.6250 3
315199 139.8750 35.3750 3
183055 -136.1250 58.1250 3
198914 -131.3750 55.3750 3
295884 -8.8750 38.6250 3
188748 -152.8750 57.1250 3
451812 93.1250 11.6250 3
466962 -79.3750 8.8750 3
319920 -119.8750 34.3750 3
175793 -151.6250 59.3750 3
299751 -122.1250 37.8750 3
209559 9.8750 53.6250 3
185867 -153.1250 57.6250 3
319922 -119.3750 34.3750 3
378473 118.3750 24.3750 3
190184 -153.8750 56.8750 3
344504 -93.8750 30.1250 3
234945 -123.6250 49.1250 3
262304 -123.8750 44.3750 3
182971 -157.1250 58.1250 3
165736 -145.8750 61.1250 3
242150 -122.3750 47.8750 3
260865 -123.6250 44.6250 3
265184 -123.8750 43.8750 3
322969 -77.6250 33.8750 3
709312 28.1250 -33.1250 3
343115 -81.1250 30.3750 3
404361 110.3750 19.8750 3
335282 120.6250 31.8750 3
554104 106.1250 -6.1250 3
175794 -151.3750 59.3750 3
168618 -145.3750 60.6250 3
322381 135.3750 34.1250 3
528184 106.1250 -1.6250 3
315158 129.6250 35.3750 3
382555 58.8750 23.6250 3
472098 124.6250 8.1250 3
175842 -139.3750 59.3750 3
165735 -146.1250 61.1250 3
431863 145.8750 15.1250 3
171483 -149.1250 60.1250 3
183064 -133.8750 58.1250 3
470108 -12.8750 8.3750 3
170058 -145.3750 60.3750 3
172928 -147.8750 59.8750 3
168595 -151.1250 60.6250 3
472096 124.1250 8.1250 3
396089 -157.6250 21.1250 3
339240 30.1250 31.1250 3
421101 -24.6250 16.8750 3
388538 114.6250 22.6250 3
354007 121.8750 28.6250 3
200239 -160.1250 55.1250 3
200230 -162.3750 55.1250 3
250412 143.1250 46.6250 3
378218 54.6250 24.3750 3
194487 -158.1250 56.1250 3
197363 -159.1250 55.6250 3
478046 171.6250 7.1250 3
454024 -73.8750 11.1250 3
273413 133.3750 42.6250 3
200349 -132.6250 55.1250 3
389976 114.1250 22.3750 3
184429 -152.6250 57.8750 3
382791 117.8750 23.6250 3
187305 -153.6250 57.3750 3
236390 -122.3750 48.8750 3
245031 -122.1250 47.3750 3
398973 -156.6250 20.6250 3
318654 -76.3750 34.6250 3
300724 121.1250 37.8750 3
519591 117.8750 -0.1250 3
182988 -152.8750 58.1250 3
172914 -151.3750 59.8750 3
198799 -160.1250 55.3750 3
194582 -134.3750 56.1250 3
313761 140.3750 35.6250 3
239269 -122.6250 48.3750 3
174355 -151.1250 59.6250 3
287769 122.3750 40.1250 3
195918 -160.3750 55.8750 3
303637 129.3750 37.3750 3
229180 -124.8750 50.1250 3
193151 -132.1250 56.3750 3
196026 -133.3750 55.8750 3
346451 32.8750 29.8750 3
470656 124.1250 8.3750 3
211886 -128.3750 53.1250 3
322376 134.1250 34.1250 3
184431 -152.1250 57.8750 3
180093 -156.6250 58.6250 3
270565 141.3750 43.1250 3
322373 133.3750 34.1250 3
294967 121.8750 38.8750 3
329559 129.8750 32.8750 3
236013 143.3750 49.1250 3
198906 -133.3750 55.3750 3
200348 -132.8750 55.1250 3
319502 135.6250 34.6250 3
345957 -90.6250 29.8750 3
197472 -131.8750 55.6250 3
375341 55.3750 24.8750 3
194591 -132.1250 56.1250 3
283524 141.1250 40.8750 3
185850 -157.3750 57.6250 3
240710 -122.3750 48.1250 3
323814 133.6250 33.8750 3
300797 139.3750 37.8750 3
198908 -132.8750 55.3750 3
197474 -131.3750 55.6250 3
325242 130.6250 33.6250 3
319501 135.3750 34.6250 3
325844 -78.8750 33.3750 3
328131 132.8750 33.1250 3
300798 139.6250 37.8750 3
451613 43.3750 11.6250 3
271971 132.8750 42.8750 3
270583 145.8750 43.1250 3
319509 137.3750 34.6250 3
307987 136.8750 36.6250 3
328127 131.8750 33.1250 3
208854 -166.3750 53.6250 3
188747 -153.1250 57.1250 3
270528 132.1250 43.1250 3
368431 127.8750 26.1250 3
263374 143.6250 44.3750 3
178646 -158.3750 58.8750 3
316636 139.1250 35.1250 3
273405 131.3750 42.6250 3
178647 -158.1250 58.8750 3
347385 -93.6250 29.6250 3
272018 144.6250 42.8750 3
190166 -158.3750 56.8750 3
303607 121.8750 37.3750 3
328120 130.1250 33.1250 3
378497 124.3750 24.3750 3
323805 131.3750 33.8750 3
146939 -165.1250 64.3750 3
328128 132.1250 33.1250 3
274885 141.3750 42.3750 3
250408 142.1250 46.6250 3
476459 134.8750 7.3750 3
316595 128.8750 35.1250 3
276334 143.6250 42.1250 3
312267 126.8750 35.8750 3
348821 -94.6250 29.3750 3
297926 141.6250 38.3750 3
406177 -155.6250 19.3750 3
407617 -155.6250 19.1250 3
397162 110.6250 21.1250 3
266258 144.6250 43.8750 3
313745 136.3750 35.6250 3
316628 137.1250 35.1250 3
248969 142.3750 46.8750 3
175564 151.1250 59.6250 3
300805 141.3750 37.8750 3
338203 130.8750 31.3750 3
284885 121.3750 40.6250 3
312278 129.6250 35.8750 3
318049 132.3750 34.8750 3
322370 132.6250 34.1250 3
345945 -93.6250 29.8750 3
148953 -21.6250 64.1250 4
821243 -69.1250 -52.6250 4
566325 -78.6250 -8.3750 4
275726 -8.3750 42.1250 4
616752 -71.8750 -17.1250 4
455462 -74.3750 10.8750 4
458384 -63.8750 10.3750 4
451160 -69.8750 11.6250 4
179303 5.8750 58.8750 4
531761 -79.6250 -2.3750 4
635480 -69.8750 -20.3750 4
378219 54.8750 24.3750 4
496119 9.8750 3.8750 4
625399 -70.1250 -18.6250 4
396088 -157.8750 21.1250 4
300335 23.8750 37.8750 4
375327 51.8750 24.8750 4
763626 -73.3750 -42.6250 4
651319 -70.1250 -23.1250 4
369567 51.8750 25.8750 4
544716 -80.8750 -4.6250 4
551917 -80.6250 -5.8750 4
585052 -76.8750 -11.6250 4
371010 52.6250 25.6250 4
606660 -74.8750 -15.3750 4
503320 10.1250 2.6250 4
333838 119.6250 32.1250 4
674357 -70.6250 -27.1250 4
501880 10.1250 2.8750 4
496117 9.3750 3.8750 4
531757 -80.6250 -2.3750 4
654199 -70.1250 -23.6250 4
645560 -69.8750 -22.1250 4
464098 -75.3750 9.3750 4
524558 -80.3750 -1.1250 4
346807 121.8750 29.8750 4
507286 -78.3750 1.8750 4
494675 8.8750 4.1250 4
494674 8.6250 4.1250 4
824117 -70.6250 -53.1250 5
540567 -38.1250 -3.8750 5
821240 -69.8750 -52.6250 5
354896 -15.8750 28.3750 5
587932 -76.8750 -12.1250 5
356339 -15.1250 28.1250 5
264280 10.1250 44.1250 5
651433 -41.6250 -23.1250 5
336725 121.3750 31.6250 5
703232 -51.8750 -32.1250 5
782371 -67.1250 -45.8750 5
715063 25.8750 -34.1250 5
249965 31.3750 46.6250 5
506570 102.6250 2.1250 5
649988 -42.8750 -22.8750 5
274286 -8.3750 42.3750 5
793897 -65.6250 -47.8750 5
526788 117.1250 -1.3750 5
249968 32.1250 46.6250 5
815485 -68.6250 -51.6250 5
765101 -64.6250 -42.8750 5
356534 33.6250 28.1250 5
376829 67.3750 24.6250 5
272846 -8.3750 42.6250 5
248529 32.3750 46.8750 5
365254 53.6250 26.6250 5
708958 -60.3750 -33.1250 5
251404 31.1250 46.3750 5
512336 104.1250 1.1250 5
257156 29.1250 45.3750 5
834208 -67.8750 -54.8750 5
283076 29.1250 40.8750 5
281637 29.3750 41.1250 5
387095 113.8750 22.8750 5
279204 141.1250 41.6250 5
336726 121.6250 31.6250 5
285947 26.8750 40.3750 5
394275 108.8750 21.6250 5
294952 118.1250 38.8750 5
421530 82.6250 16.8750 5
713287 -58.1250 -33.8750 5
484942 95.6250 5.8750 5
536820 105.1250 -3.1250 5
342130 32.6250 30.6250 5
700318 -60.3750 -31.6250 5
470595 108.8750 8.3750 5
664330 -57.3750 -25.3750 5
404362 110.6250 19.8750 5
315119 119.8750 35.3750 5
249994 38.6250 46.6250 5
352273 48.3750 28.8750 5
408675 108.8750 19.1250 5
257153 28.3750 45.3750 5
302162 120.6250 37.6250 5
319439 119.8750 34.6250 5
701759 -60.1250 -31.8750 5
737771 -57.1250 -38.1250 5
740646 -58.3750 -38.6250 5
742072 -61.8750 -38.8750 5
713284 -58.8750 -33.8750 6
246471 -122.1250 47.1250 6
222497 4.3750 51.3750 6
458339 -75.1250 10.3750 6
461182 -84.3750 9.8750 6
826997 -70.6250 -53.6250 6
468388 -82.8750 8.6250 6
481694 3.6250 6.3750 6
248528 32.1250 46.8750 6
314741 25.3750 35.3750 6
278605 -8.6250 41.6250 6
682996 -70.8750 -28.6250 6
324248 -117.8750 33.6250 6
491734 -6.3750 4.6250 6
270024 6.1250 43.1250 6
591644 131.1250 -12.6250 6
284105 -73.6250 40.6250 6
715049 22.3750 -34.1250 6
258530 12.6250 45.1250 6
284104 -73.8750 40.6250 6
389797 69.3750 22.3750 6
284473 18.3750 40.6250 6
564197 109.3750 -7.8750 6
486382 95.6250 5.6250 6
552665 106.3750 -5.8750 6
304668 27.1250 37.1250 6
822680 -69.8750 -52.8750 6
285910 17.6250 40.3750 6
262935 33.8750 44.3750 6
357975 33.8750 27.8750 6
710400 -59.8750 -33.3750 6
463456 124.1250 9.6250 6
714725 -58.6250 -34.1250 6
580170 142.6250 -10.6250 6
558158 39.6250 -6.8750 6
210942 -4.3750 53.3750 6
434091 -17.1250 14.6250 6
368123 50.8750 26.1250 6
561332 113.1250 -7.3750 6
339250 32.6250 31.1250 6
421417 54.3750 16.8750 6
355093 33.3750 28.3750 6
616184 146.1250 -16.8750 6
552295 13.8750 -5.8750 6
223926 1.6250 51.1250 6
296406 121.6250 38.6250 6
711841 -59.6250 -33.6250 6
257090 12.6250 45.3750 6
488877 -0.6250 5.1250 6
394130 72.6250 21.6250 6
548398 119.6250 -5.1250 6
432627 -23.1250 14.8750 6
320942 135.6250 34.3750 6
417214 83.6250 17.6250 6
456080 80.1250 10.8750 6
322375 133.8750 34.1250 6
671821 15.3750 -26.6250 6
291599 -0.1250 39.3750 6
319093 33.3750 34.6250 6
641743 55.8750 -21.3750 6
265721 10.3750 43.8750 6
303609 122.3750 37.3750 6
293517 119.3750 39.1250 6
460576 124.1250 10.1250 6
346808 122.1250 29.8750 6
312242 120.6250 35.8750 6
389800 70.1250 22.3750 6
519558 109.6250 -0.1250 6
373906 56.6250 25.1250 6
559891 112.8750 -7.1250 6
368124 51.1250 26.1250 6
365247 51.8750 26.6250 6
373902 55.6250 25.1250 6
461826 76.6250 9.8750 6
301777 24.3750 37.6250 6
552293 13.3750 -5.8750 6
349341 35.3750 29.3750 6
311819 14.8750 35.8750 6
268550 -2.3750 43.3750 6
470469 77.3750 8.3750 6
266268 147.1250 43.8750 6
357978 34.6250 27.8750 6
268549 -2.6250 43.3750 6
444540 75.1250 12.8750 6
268546 -3.3750 43.3750 6
307585 36.3750 36.6250 6
467587 76.8750 8.8750 6
542651 122.8750 -4.1250 6
287386 26.6250 40.1250 6
373887 51.8750 25.1250 6
651659 14.8750 -23.1250 6
630588 147.1250 -19.3750 6
484882 80.6250 5.8750 6
562367 11.8750 -7.6250 6
306145 36.3750 36.8750 6
545467 106.8750 -4.6250 6
323821 135.3750 33.8750 6
284519 29.8750 40.6250 6
283073 28.3750 40.8750 6
553730 12.6250 -6.1250 6
554108 107.1250 -6.1250 6
490314 -1.3750 4.8750 6
515310 127.6250 0.6250 6
636235 118.8750 -20.3750 6
379923 120.8750 24.1250 6
538305 116.3750 -3.3750 6
409973 73.3750 18.8750 6
430136 74.1250 15.3750 6
457520 80.1250 10.6250 6
374166 121.6250 25.1250 6
394119 69.8750 21.6250 6
484520 -9.8750 5.8750 6
516268 7.1250 0.3750 6
402827 86.8750 20.1250 6
542319 39.8750 -4.1250 6
592742 45.6250 -12.8750 6
382801 120.3750 23.6250 6
464894 123.6250 9.3750 6
709273 18.3750 -33.1250 6
559490 12.6250 -7.1250 6
522469 117.3750 -0.6250 6
490303 -4.1250 4.8750 6
522511 127.8750 -0.6250 6
637668 117.1250 -20.6250 6
397012 73.1250 21.1250 6
409972 73.1250 18.8750 6
454624 76.1250 11.1250 6
490285 -8.6250 4.8750 6
522036 9.1250 -0.6250 6
528228 117.1250 -1.6250 6
538306 116.6250 -3.3750 6
258217 -65.6250 45.1250 7
261085 -68.6250 44.6250 7
263968 -67.8750 44.1250 7
262546 -63.3750 44.3750 7
262529 -67.6250 44.3750 7
263964 -68.8750 44.1250 7
279795 -71.1250 41.3750 7
252480 -59.8750 46.1250 7
266840 -69.8750 43.6250 7
256797 -60.6250 45.3750 7
255355 -61.1250 45.6250 7
265404 -68.8750 43.8750 7
249597 -60.6250 46.6250 7
412298 -65.3750 18.3750 7
281233 -71.6250 41.1250 7
265422 -64.3750 43.8750 7
261086 -68.3750 44.6250 7
154832 8.1250 63.1250 7
262530 -67.3750 44.3750 7
199484 11.1250 55.3750 7
259653 -66.6250 44.8750 7
266843 -69.1250 43.6250 7
258234 -61.3750 45.1250 7
262525 -68.6250 44.3750 7
263967 -68.1250 44.1250 7
282667 -73.1250 40.8750 7
120036 -50.8750 69.1250 7
196612 13.1250 55.8750 7
265403 -69.1250 43.8750 7
202364 11.1250 54.8750 7
265402 -69.3750 43.8750 7
415134 -76.3750 17.8750 7
364721 -79.6250 26.6250 7
141629 -52.6250 65.3750 7
266841 -69.6250 43.6250 7
166139 -45.1250 61.1250 7
297246 -28.3750 38.3750 7
284109 -72.6250 40.6250 7
265416 -65.8750 43.8750 7
391418 114.6250 22.1250 7
285544 -73.8750 40.3750 7
291296 -75.8750 39.3750 7
353198 -80.3750 28.6250 7
350281 -89.6250 29.1250 7
278360 -69.8750 41.6250 7
198052 13.1250 55.6250 7
171900 -44.8750 60.1250 7
266860 -64.8750 43.6250 7
370480 -79.8750 25.6250 7
122909 -52.6250 68.6250 7
289864 -73.8750 39.6250 7
253921 -59.6250 45.8750 7
320934 133.6250 34.3750 7
148834 -51.3750 64.1250 7
159145 6.3750 62.3750 7
123187 16.8750 68.6250 7
272598 -70.3750 42.6250 7
281240 -69.8750 41.1250 7
377673 -81.6250 24.3750 7
214475 158.8750 52.8750 7
269718 -70.3750 43.1250 7
278356 -70.8750 41.6250 7
281228 -72.8750 41.1250 7
133256 14.1250 66.8750 7
268279 -70.1250 43.3750 7
239527 -58.1250 48.3750 7
139010 12.6250 65.8750 7
297060 -74.8750 38.3750 7
161802 -49.3750 61.8750 7
262526 -68.3750 44.3750 7
278357 -70.6250 41.6250 7
279799 -70.1250 41.3750 7
263966 -68.3750 44.1250 7
412296 -65.8750 18.3750 7
265401 -69.6250 43.8750 7
298495 -76.1250 38.1250 7
374811 -77.1250 24.8750 7
276918 -70.3750 41.8750 7
339239 29.8750 31.1250 7
263965 -68.6250 44.1250 7
151715 -51.1250 63.6250 7
265405 -68.6250 43.8750 7
282668 -72.8750 40.8750 7
338795 -81.1250 31.1250 7
341675 -81.1250 30.6250 7
232342 -54.3750 49.6250 7
275477 -70.6250 42.1250 7
240985 -53.6250 48.1250 7
238108 -52.8750 48.6250 7
279798 -70.3750 41.3750 7
281231 -72.1250 41.1250 7
291303 -74.1250 39.3750 7
279793 -71.6250 41.3750 7
274037 -70.6250 42.3750 7
132986 -53.3750 66.8750 7
331598 -80.3750 32.3750 7
278355 -71.1250 41.6250 7
321529 -77.6250 34.1250 7
397866 -73.3750 20.8750 7
315774 -76.3750 35.1250 7
243844 -58.8750 47.6250 7
279792 -71.8750 41.3750 7
304255 -76.1250 37.1250 7
229415 -66.1250 50.1250 7
318652 -76.8750 34.6250 7
279791 -72.1250 41.3750 7
412302 -64.3750 18.3750 7
281229 -72.6250 41.1250 7
120027 -53.1250 69.1250 7
230854 -66.3750 49.8750 7
345995 -81.1250 29.8750 7
360399 -80.1250 27.3750 7
412301 -64.6250 18.3750 7
222252 -56.8750 51.3750 7
343092 -86.8750 30.3750 7
373371 -77.1250 25.1250 7
249627 -53.1250 46.6250 7
256795 -61.1250 45.3750 7
236649 -57.6250 48.8750 7
258236 -60.8750 45.1250 7
730508 -72.8750 -36.8750 8
731948 -72.8750 -37.1250 8
715034 18.6250 -34.1250 8
757869 -72.6250 -41.6250 8
760747 -73.1250 -42.1250 8
638862 55.6250 -20.8750 8
747787 -73.1250 -39.8750 8
388562 120.6250 22.6250 8
685335 153.8750 -28.8750 8
691635 -71.1250 -30.1250 8
570646 -78.3750 -9.1250 8
711794 -71.3750 -33.6250 8
339607 121.8750 31.1250 8
638360 -69.8750 -20.8750 8
780909 -72.6250 -45.6250 8
707475 -71.1250 -32.8750 8
662290 152.6250 -24.8750 8
620484 141.1250 -17.6250 8
834210 -67.3750 -54.8750 9
464081 -79.6250 9.3750 9
239267 -123.1250 48.3750 9
226293 -126.6250 50.6250 9
441939 144.8750 13.3750 9
586492 -76.8750 -11.8750 9
547596 -80.8750 -5.1250 9
623514 178.6250 -18.1250 9
708914 -71.3750 -33.1250 9
239262 -124.3750 48.3750 9
316640 140.1250 35.1250 9
242142 -124.3750 47.8750 9
295047 141.8750 38.8750 9
297927 141.8750 38.3750 9
252225 -123.6250 46.1250 9
731500 175.1250 -36.8750 9
757420 175.1250 -41.3750 9
323806 131.6250 33.8750 9
226292 -126.8750 50.6250 9
226290 -127.3750 50.6250 9
624985 -173.6250 -18.6250 9
333836 119.1250 32.1250 9
326695 133.8750 33.3750 9
747348 177.1250 -39.6250 9
479434 158.6250 6.8750 9
206120 -129.8750 54.1250 9
320936 134.1250 34.3750 9
600518 -170.3750 -14.3750 9
325262 135.6250 33.6250 9
232061 -124.6250 49.6250 9
234949 -122.6250 49.1250 9
620636 179.1250 -17.6250 9
568960 -139.8750 -8.8750 9
243870 -52.3750 47.6250 9
333882 130.6250 32.1250 9
787634 168.6250 -46.6250 9
548539 154.8750 -5.1250 9
290729 142.3750 39.6250 9
312324 141.1250 35.8750 9
336763 130.8750 31.6250 9
297925 141.3750 38.3750 9
319499 134.8750 34.6250 9
322386 136.6250 34.1250 9
325265 136.3750 33.6250 9
306564 141.1250 36.8750 9
315174 133.6250 35.3750 9
319472 128.1250 34.6250 9
438118 -90.3750 13.8750 9
441009 -87.6250 13.3750 9
476528 152.1250 7.3750 9
495443 -159.1250 3.8750 9
511172 173.1250 1.3750 9
522668 167.1250 -0.6250 9
534124 151.1250 -2.6250 9
534274 -171.3750 -2.8750 9
539855 143.8750 -3.6250 9
544209 152.3750 -4.3750 9
544210 152.6250 -4.3750 9
549944 146.1250 -5.3750 9
558589 147.3750 -6.8750 9
565829 157.3750 -8.1250 9
567269 157.3750 -8.3750 9
568797 179.3750 -8.6250 9
571601 160.3750 -9.1250 9
573041 160.3750 -9.3750 9
597634 -171.3750 -13.8750 9
620631 177.8750 -17.6250 9
831455 -36.1250 -54.3750 10
830012 -36.8750 -54.1250 10
346809 122.3750 29.8750 10
774686 171.6250 -44.3750 10
770372 173.1250 -43.6250 10
318075 138.8750 34.8750 10
757414 173.6250 -41.3750 10
771813 173.3750 -43.8750 10
753091 172.8750 -40.6250 10
783323 170.8750 -45.8750 10
760287 171.8750 -41.8750 10
690605 31.3750 -29.8750 11
506569 102.3750 2.1250 11
638863 55.8750 -20.8750 11
589878 49.6250 -12.3750 11
512338 104.6250 1.1250 11
634551 57.8750 -20.1250 11
316597 129.3750 35.1250 11
505128 102.1250 2.3750 11
721192 118.1250 -35.1250 12
713594 18.6250 -33.8750 12
685179 114.8750 -28.8750 12
319514 138.6250 34.6250 12
318080 140.1250 34.8750 12
569982 115.6250 -8.8750 12
703904 116.1250 -32.1250 12
295048 142.1250 38.8750 12
554105 106.3750 -6.1250 12
669011 32.8750 -26.1250 12
647946 166.6250 -22.3750 12
315200 140.1250 35.3750 12
623290 122.6250 -18.1250 12
319517 139.3750 34.6250 12
286407 141.8750 40.3750 12
643421 115.3750 -21.6250 12
644857 114.3750 -21.8750 12
313764 141.1250 35.6250 12
669334 113.6250 -26.1250 12
326690 132.6250 33.3750 13
320933 133.3750 34.3750 14
333840 120.1250 32.1250 15
405797 109.3750 19.6250 15
480729 122.3750 6.6250 15
